Lon Lat Count
129.154 30.1471 0
129.154 30.4456 0
129.154 30.7442 0
129.154 31.0428 0
129.154 31.3414 0
129.154 31.6399 0
129.154 31.9385 0
129.154 32.2371 3
129.154 32.5357 24
129.154 32.8342 21
129.154 33.1328 21
129.154 33.4314 31
129.154 33.7299 6
129.154 34.0285 0
129.154 34.3271 0
129.154 34.6257 0
129.154 34.9242 0
129.154 35.2228 0
129.154 35.5214 0
129.154 35.82 0
129.154 36.1185 0
129.154 36.4171 0
129.154 36.7157 0
129.154 37.0143 0
129.154 37.3128 0
129.154 37.6114 0
129.154 37.91 0
129.154 38.2086 0
129.154 38.5071 0
129.154 38.8057 0
129.154 39.1043 0
129.154 39.4029 0
129.154 39.7014 0
129.154 40 0
129.154 40.2986 0
129.154 40.5971 0
129.154 40.8957 0
129.154 41.1943 0
129.154 41.4929 0
129.154 41.7914 0
129.154 42.09 0
129.154 42.3886 0
129.154 42.6872 0
129.154 42.9857 0
129.154 43.2843 0
129.154 43.5829 0
129.154 43.8815 0
129.154 44.18 0
129.154 44.4786 0
129.154 44.7772 0
129.154 45.0758 0
129.154 45.3743 0
129.154 45.6729 0
129.154 45.9715 0
129.154 46.2701 0
129.154 46.5686 0
129.154 46.8672 0
129.154 47.1658 0
129.154 47.4643 0
129.154 47.7629 0
129.154 48.0615 0
129.154 48.3601 0
129.154 48.6586 0
129.154 48.9572 0
129.154 49.2558 0
129.154 49.5544 0
129.154 49.8529 0
129.468 30.1471 0
129.468 30.4456 0
129.468 30.7442 0
129.468 31.0428 0
129.468 31.3414 0
129.468 31.6399 6
129.468 31.9385 18
129.468 32.2371 34
129.468 32.5357 71
129.468 32.8342 44
129.468 33.1328 34
129.468 33.4314 45
129.468 33.7299 18
129.468 34.0285 1
129.468 34.3271 0
129.468 34.6257 0
129.468 34.9242 0
129.468 35.2228 0
129.468 35.5214 0
129.468 35.82 0
129.468 36.1185 0
129.468 36.4171 0
129.468 36.7157 0
129.468 37.0143 0
129.468 37.3128 0
129.468 37.6114 0
129.468 37.91 0
129.468 38.2086 0
129.468 38.5071 0
129.468 38.8057 0
129.468 39.1043 0
129.468 39.4029 0
129.468 39.7014 0
129.468 40 0
129.468 40.2986 0
129.468 40.5971 0
129.468 40.8957 0
129.468 41.1943 0
129.468 41.4929 0
129.468 41.7914 0
129.468 42.09 0
129.468 42.3886 0
129.468 42.6872 0
129.468 42.9857 0
129.468 43.2843 0
129.468 43.5829 0
129.468 43.8815 0
129.468 44.18 0
129.468 44.4786 0
129.468 44.7772 0
129.468 45.0758 0
129.468 45.3743 0
129.468 45.6729 0
129.468 45.9715 0
129.468 46.2701 0
129.468 46.5686 0
129.468 46.8672 0
129.468 47.1658 0
129.468 47.4643 0
129.468 47.7629 0
129.468 48.0615 0
129.468 48.3601 0
129.468 48.6586 0
129.468 48.9572 0
129.468 49.2558 0
129.468 49.5544 0
129.468 49.8529 0
129.781 30.1471 0
129.781 30.4456 0
129.781 30.7442 0
129.781 31.0428 7
129.781 31.3414 17
129.781 31.6399 50
129.781 31.9385 52
129.781 32.2371 93
129.781 32.5357 117
129.781 32.8342 163
129.781 33.1328 35
129.781 33.4314 41
129.781 33.7299 28
129.781 34.0285 6
129.781 34.3271 0
129.781 34.6257 0
129.781 34.9242 0
129.781 35.2228 0
129.781 35.5214 0
129.781 35.82 0
129.781 36.1185 0
129.781 36.4171 0
129.781 36.7157 0
129.781 37.0143 0
129.781 37.3128 0
129.781 37.6114 0
129.781 37.91 0
129.781 38.2086 0
129.781 38.5071 0
129.781 38.8057 0
129.781 39.1043 0
129.781 39.4029 0
129.781 39.7014 0
129.781 40 0
129.781 40.2986 0
129.781 40.5971 0
129.781 40.8957 0
129.781 41.1943 0
129.781 41.4929 0
129.781 41.7914 0
129.781 42.09 0
129.781 42.3886 0
129.781 42.6872 0
129.781 42.9857 0
129.781 43.2843 0
129.781 43.5829 0
129.781 43.8815 0
129.781 44.18 0
129.781 44.4786 0
129.781 44.7772 0
129.781 45.0758 0
129.781 45.3743 0
129.781 45.6729 0
129.781 45.9715 0
129.781 46.2701 0
129.781 46.5686 0
129.781 46.8672 0
129.781 47.1658 0
129.781 47.4643 0
129.781 47.7629 0
129.781 48.0615 0
129.781 48.3601 0
129.781 48.6586 0
129.781 48.9572 0
129.781 49.2558 0
129.781 49.5544 0
129.781 49.8529 0
130.095 30.1471 0
130.095 30.4456 3
130.095 30.7442 25
130.095 31.0428 27
130.095 31.3414 125
130.095 31.6399 86
130.095 31.9385 70
130.095 32.2371 110
130.095 32.5357 229
130.095 32.8342 337
130.095 33.1328 157
130.095 33.4314 80
130.095 33.7299 71
130.095 34.0285 32
130.095 34.3271 2
130.095 34.6257 0
130.095 34.9242 0
130.095 35.2228 0
130.095 35.5214 0
130.095 35.82 0
130.095 36.1185 0
130.095 36.4171 0
130.095 36.7157 0
130.095 37.0143 0
130.095 37.3128 0
130.095 37.6114 0
130.095 37.91 0
130.095 38.2086 0
130.095 38.5071 0
130.095 38.8057 0
130.095 39.1043 0
130.095 39.4029 0
130.095 39.7014 0
130.095 40 0
130.095 40.2986 0
130.095 40.5971 0
130.095 40.8957 0
130.095 41.1943 0
130.095 41.4929 0
130.095 41.7914 0
130.095 42.09 0
130.095 42.3886 0
130.095 42.6872 0
130.095 42.9857 0
130.095 43.2843 0
130.095 43.5829 0
130.095 43.8815 0
130.095 44.18 0
130.095 44.4786 0
130.095 44.7772 0
130.095 45.0758 0
130.095 45.3743 0
130.095 45.6729 0
130.095 45.9715 0
130.095 46.2701 0
130.095 46.5686 0
130.095 46.8672 0
130.095 47.1658 0
130.095 47.4643 0
130.095 47.7629 0
130.095 48.0615 0
130.095 48.3601 0
130.095 48.6586 0
130.095 48.9572 0
130.095 49.2558 0
130.095 49.5544 0
130.095 49.8529 0
130.408 30.1471 0
130.408 30.4456 45
130.408 30.7442 32
130.408 31.0428 74
130.408 31.3414 86
130.408 31.6399 219
130.408 31.9385 230
130.408 32.2371 129
130.408 32.5357 252
130.408 32.8342 275
130.408 33.1328 229
130.408 33.4314 86
130.408 33.7299 89
130.408 34.0285 40
130.408 34.3271 36
130.408 34.6257 5
130.408 34.9242 0
130.408 35.2228 0
130.408 35.5214 0
130.408 35.82 0
130.408 36.1185 0
130.408 36.4171 0
130.408 36.7157 0
130.408 37.0143 0
130.408 37.3128 0
130.408 37.6114 0
130.408 37.91 0
130.408 38.2086 0
130.408 38.5071 0
130.408 38.8057 0
130.408 39.1043 0
130.408 39.4029 0
130.408 39.7014 0
130.408 40 0
130.408 40.2986 0
130.408 40.5971 0
130.408 40.8957 0
130.408 41.1943 0
130.408 41.4929 0
130.408 41.7914 0
130.408 42.09 0
130.408 42.3886 0
130.408 42.6872 0
130.408 42.9857 0
130.408 43.2843 0
130.408 43.5829 0
130.408 43.8815 0
130.408 44.18 0
130.408 44.4786 0
130.408 44.7772 0
130.408 45.0758 0
130.408 45.3743 0
130.408 45.6729 0
130.408 45.9715 0
130.408 46.2701 0
130.408 46.5686 0
130.408 46.8672 0
130.408 47.1658 0
130.408 47.4643 0
130.408 47.7629 0
130.408 48.0615 0
130.408 48.3601 0
130.408 48.6586 0
130.408 48.9572 0
130.408 49.2558 0
130.408 49.5544 0
130.408 49.8529 0
130.722 30.1471 0
130.722 30.4456 15
130.722 30.7442 99
130.722 31.0428 163
130.722 31.3414 270
130.722 31.6399 390
130.722 31.9385 247
130.722 32.2371 205
130.722 32.5357 178
130.722 32.8342 292
130.722 33.1328 245
130.722 33.4314 161
130.722 33.7299 100
130.722 34.0285 47
130.722 34.3271 55
130.722 34.6257 25
130.722 34.9242 0
130.722 35.2228 0
130.722 35.5214 0
130.722 35.82 0
130.722 36.1185 0
130.722 36.4171 0
130.722 36.7157 0
130.722 37.0143 0
130.722 37.3128 0
130.722 37.6114 0
130.722 37.91 0
130.722 38.2086 0
130.722 38.5071 0
130.722 38.8057 0
130.722 39.1043 0
130.722 39.4029 0
130.722 39.7014 0
130.722 40 0
130.722 40.2986 0
130.722 40.5971 0
130.722 40.8957 0
130.722 41.1943 0
130.722 41.4929 0
130.722 41.7914 0
130.722 42.09 0
130.722 42.3886 0
130.722 42.6872 0
130.722 42.9857 0
130.722 43.2843 0
130.722 43.5829 0
130.722 43.8815 0
130.722 44.18 0
130.722 44.4786 0
130.722 44.7772 0
130.722 45.0758 0
130.722 45.3743 0
130.722 45.6729 0
130.722 45.9715 0
130.722 46.2701 0
130.722 46.5686 0
130.722 46.8672 0
130.722 47.1658 0
130.722 47.4643 0
130.722 47.7629 0
130.722 48.0615 0
130.722 48.3601 0
130.722 48.6586 0
130.722 48.9572 0
130.722 49.2558 0
130.722 49.5544 0
130.722 49.8529 0
131.035 30.1471 0
131.035 30.4456 30
131.035 30.7442 172
131.035 31.0428 111
131.035 31.3414 188
131.035 31.6399 184
131.035 31.9385 288
131.035 32.2371 313
131.035 32.5357 380
131.035 32.8342 360
131.035 33.1328 395
131.035 33.4314 310
131.035 33.7299 181
131.035 34.0285 47
131.035 34.3271 64
131.035 34.6257 37
131.035 34.9242 10
131.035 35.2228 0
131.035 35.5214 0
131.035 35.82 0
131.035 36.1185 0
131.035 36.4171 0
131.035 36.7157 0
131.035 37.0143 0
131.035 37.3128 0
131.035 37.6114 0
131.035 37.91 0
131.035 38.2086 0
131.035 38.5071 0
131.035 38.8057 0
131.035 39.1043 0
131.035 39.4029 0
131.035 39.7014 0
131.035 40 0
131.035 40.2986 0
131.035 40.5971 0
131.035 40.8957 0
131.035 41.1943 0
131.035 41.4929 0
131.035 41.7914 0
131.035 42.09 0
131.035 42.3886 0
131.035 42.6872 0
131.035 42.9857 0
131.035 43.2843 0
131.035 43.5829 0
131.035 43.8815 0
131.035 44.18 0
131.035 44.4786 0
131.035 44.7772 0
131.035 45.0758 0
131.035 45.3743 0
131.035 45.6729 0
131.035 45.9715 0
131.035 46.2701 0
131.035 46.5686 0
131.035 46.8672 0
131.035 47.1658 0
131.035 47.4643 0
131.035 47.7629 0
131.035 48.0615 0
131.035 48.3601 0
131.035 48.6586 0
131.035 48.9572 0
131.035 49.2558 0
131.035 49.5544 0
131.035 49.8529 0
131.349 30.1471 0
131.349 30.4456 0
131.349 30.7442 53
131.349 31.0428 180
131.349 31.3414 236
131.349 31.6399 274
131.349 31.9385 301
131.349 32.2371 388
131.349 32.5357 385
131.349 32.8342 309
131.349 33.1328 315
131.349 33.4314 236
131.349 33.7299 378
131.349 34.0285 159
131.349 34.3271 83
131.349 34.6257 65
131.349 34.9242 29
131.349 35.2228 0
131.349 35.5214 0
131.349 35.82 0
131.349 36.1185 0
131.349 36.4171 0
131.349 36.7157 0
131.349 37.0143 0
131.349 37.3128 0
131.349 37.6114 0
131.349 37.91 0
131.349 38.2086 0
131.349 38.5071 0
131.349 38.8057 0
131.349 39.1043 0
131.349 39.4029 0
131.349 39.7014 0
131.349 40 0
131.349 40.2986 0
131.349 40.5971 0
131.349 40.8957 0
131.349 41.1943 0
131.349 41.4929 0
131.349 41.7914 0
131.349 42.09 0
131.349 42.3886 0
131.349 42.6872 0
131.349 42.9857 0
131.349 43.2843 0
131.349 43.5829 0
131.349 43.8815 0
131.349 44.18 0
131.349 44.4786 0
131.349 44.7772 0
131.349 45.0758 0
131.349 45.3743 0
131.349 45.6729 0
131.349 45.9715 0
131.349 46.2701 0
131.349 46.5686 0
131.349 46.8672 0
131.349 47.1658 0
131.349 47.4643 0
131.349 47.7629 0
131.349 48.0615 0
131.349 48.3601 0
131.349 48.6586 0
131.349 48.9572 0
131.349 49.2558 0
131.349 49.5544 0
131.349 49.8529 0
131.662 30.1471 0
131.662 30.4456 0
131.662 30.7442 1
131.662 31.0428 46
131.662 31.3414 88
131.662 31.6399 186
131.662 31.9385 245
131.662 32.2371 236
131.662 32.5357 295
131.662 32.8342 304
131.662 33.1328 167
131.662 33.4314 168
131.662 33.7299 307
131.662 34.0285 278
131.662 34.3271 99
131.662 34.6257 97
131.662 34.9242 54
131.662 35.2228 25
131.662 35.5214 0
131.662 35.82 0
131.662 36.1185 0
131.662 36.4171 0
131.662 36.7157 0
131.662 37.0143 0
131.662 37.3128 0
131.662 37.6114 0
131.662 37.91 0
131.662 38.2086 0
131.662 38.5071 0
131.662 38.8057 0
131.662 39.1043 0
131.662 39.4029 0
131.662 39.7014 0
131.662 40 0
131.662 40.2986 0
131.662 40.5971 0
131.662 40.8957 0
131.662 41.1943 0
131.662 41.4929 0
131.662 41.7914 0
131.662 42.09 0
131.662 42.3886 0
131.662 42.6872 0
131.662 42.9857 0
131.662 43.2843 0
131.662 43.5829 0
131.662 43.8815 0
131.662 44.18 0
131.662 44.4786 0
131.662 44.7772 0
131.662 45.0758 0
131.662 45.3743 0
131.662 45.6729 0
131.662 45.9715 0
131.662 46.2701 0
131.662 46.5686 0
131.662 46.8672 0
131.662 47.1658 0
131.662 47.4643 0
131.662 47.7629 0
131.662 48.0615 0
131.662 48.3601 0
131.662 48.6586 0
131.662 48.9572 0
131.662 49.2558 0
131.662 49.5544 0
131.662 49.8529 0
131.976 30.1471 0
131.976 30.4456 0
131.976 30.7442 0
131.976 31.0428 0
131.976 31.3414 0
131.976 31.6399 71
131.976 31.9385 183
131.976 32.2371 243
131.976 32.5357 303
131.976 32.8342 210
131.976 33.1328 189
131.976 33.4314 140
131.976 33.7299 305
131.976 34.0285 273
131.976 34.3271 253
131.976 34.6257 78
131.976 34.9242 88
131.976 35.2228 49
131.976 35.5214 10
131.976 35.82 1
131.976 36.1185 0
131.976 36.4171 0
131.976 36.7157 0
131.976 37.0143 0
131.976 37.3128 0
131.976 37.6114 0
131.976 37.91 0
131.976 38.2086 0
131.976 38.5071 0
131.976 38.8057 0
131.976 39.1043 0
131.976 39.4029 0
131.976 39.7014 0
131.976 40 0
131.976 40.2986 0
131.976 40.5971 0
131.976 40.8957 0
131.976 41.1943 0
131.976 41.4929 0
131.976 41.7914 0
131.976 42.09 0
131.976 42.3886 0
131.976 42.6872 0
131.976 42.9857 0
131.976 43.2843 0
131.976 43.5829 0
131.976 43.8815 0
131.976 44.18 0
131.976 44.4786 0
131.976 44.7772 0
131.976 45.0758 0
131.976 45.3743 0
131.976 45.6729 0
131.976 45.9715 0
131.976 46.2701 0
131.976 46.5686 0
131.976 46.8672 0
131.976 47.1658 0
131.976 47.4643 0
131.976 47.7629 0
131.976 48.0615 0
131.976 48.3601 0
131.976 48.6586 0
131.976 48.9572 0
131.976 49.2558 0
131.976 49.5544 0
131.976 49.8529 0
132.289 30.1471 0
132.289 30.4456 0
132.289 30.7442 0
132.289 31.0428 0
132.289 31.3414 0
132.289 31.6399 0
132.289 31.9385 1
132.289 32.2371 23
132.289 32.5357 120
132.289 32.8342 99
132.289 33.1328 133
132.289 33.4314 225
132.289 33.7299 335
132.289 34.0285 317
132.289 34.3271 324
132.289 34.6257 137
132.289 34.9242 96
132.289 35.2228 56
132.289 35.5214 48
132.289 35.82 5
132.289 36.1185 0
132.289 36.4171 0
132.289 36.7157 0
132.289 37.0143 0
132.289 37.3128 0
132.289 37.6114 0
132.289 37.91 0
132.289 38.2086 0
132.289 38.5071 0
132.289 38.8057 0
132.289 39.1043 0
132.289 39.4029 0
132.289 39.7014 0
132.289 40 0
132.289 40.2986 0
132.289 40.5971 0
132.289 40.8957 0
132.289 41.1943 0
132.289 41.4929 0
132.289 41.7914 0
132.289 42.09 0
132.289 42.3886 0
132.289 42.6872 0
132.289 42.9857 0
132.289 43.2843 0
132.289 43.5829 0
132.289 43.8815 0
132.289 44.18 0
132.289 44.4786 0
132.289 44.7772 0
132.289 45.0758 0
132.289 45.3743 0
132.289 45.6729 0
132.289 45.9715 0
132.289 46.2701 0
132.289 46.5686 0
132.289 46.8672 0
132.289 47.1658 0
132.289 47.4643 0
132.289 47.7629 0
132.289 48.0615 0
132.289 48.3601 0
132.289 48.6586 0
132.289 48.9572 0
132.289 49.2558 0
132.289 49.5544 0
132.289 49.8529 0
132.603 30.1471 0
132.603 30.4456 0
132.603 30.7442 0
132.603 31.0428 0
132.603 31.3414 0
132.603 31.6399 0
132.603 31.9385 9
132.603 32.2371 39
132.603 32.5357 51
132.603 32.8342 177
132.603 33.1328 180
132.603 33.4314 123
132.603 33.7299 286
132.603 34.0285 389
132.603 34.3271 331
132.603 34.6257 413
132.603 34.9242 152
132.603 35.2228 71
132.603 35.5214 59
132.603 35.82 18
132.603 36.1185 0
132.603 36.4171 0
132.603 36.7157 0
132.603 37.0143 0
132.603 37.3128 0
132.603 37.6114 0
132.603 37.91 0
132.603 38.2086 0
132.603 38.5071 0
132.603 38.8057 0
132.603 39.1043 0
132.603 39.4029 0
132.603 39.7014 0
132.603 40 0
132.603 40.2986 0
132.603 40.5971 0
132.603 40.8957 0
132.603 41.1943 0
132.603 41.4929 0
132.603 41.7914 0
132.603 42.09 0
132.603 42.3886 0
132.603 42.6872 0
132.603 42.9857 0
132.603 43.2843 0
132.603 43.5829 0
132.603 43.8815 0
132.603 44.18 0
132.603 44.4786 0
132.603 44.7772 0
132.603 45.0758 0
132.603 45.3743 0
132.603 45.6729 0
132.603 45.9715 0
132.603 46.2701 0
132.603 46.5686 0
132.603 46.8672 0
132.603 47.1658 0
132.603 47.4643 0
132.603 47.7629 0
132.603 48.0615 0
132.603 48.3601 0
132.603 48.6586 0
132.603 48.9572 0
132.603 49.2558 0
132.603 49.5544 0
132.603 49.8529 0
132.916 30.1471 0
132.916 30.4456 0
132.916 30.7442 0
132.916 31.0428 0
132.916 31.3414 0
132.916 31.6399 0
132.916 31.9385 0
132.916 32.2371 44
132.916 32.5357 122
132.916 32.8342 162
132.916 33.1328 284
132.916 33.4314 160
132.916 33.7299 283
132.916 34.0285 279
132.916 34.3271 270
132.916 34.6257 338
132.916 34.9242 230
132.916 35.2228 106
132.916 35.5214 71
132.916 35.82 25
132.916 36.1185 0
132.916 36.4171 0
132.916 36.7157 0
132.916 37.0143 0
132.916 37.3128 0
132.916 37.6114 0
132.916 37.91 0
132.916 38.2086 0
132.916 38.5071 0
132.916 38.8057 0
132.916 39.1043 0
132.916 39.4029 0
132.916 39.7014 0
132.916 40 0
132.916 40.2986 0
132.916 40.5971 0
132.916 40.8957 0
132.916 41.1943 0
132.916 41.4929 0
132.916 41.7914 0
132.916 42.09 0
132.916 42.3886 0
132.916 42.6872 0
132.916 42.9857 0
132.916 43.2843 0
132.916 43.5829 0
132.916 43.8815 0
132.916 44.18 0
132.916 44.4786 0
132.916 44.7772 0
132.916 45.0758 0
132.916 45.3743 0
132.916 45.6729 0
132.916 45.9715 0
132.916 46.2701 0
132.916 46.5686 0
132.916 46.8672 0
132.916 47.1658 0
132.916 47.4643 0
132.916 47.7629 0
132.916 48.0615 0
132.916 48.3601 0
132.916 48.6586 0
132.916 48.9572 0
132.916 49.2558 0
132.916 49.5544 0
132.916 49.8529 0
133.23 30.1471 0
133.23 30.4456 0
133.23 30.7442 0
133.23 31.0428 0
133.23 31.3414 0
133.23 31.6399 0
133.23 31.9385 0
133.23 32.2371 48
133.23 32.5357 140
133.23 32.8342 237
133.23 33.1328 311
133.23 33.4314 168
133.23 33.7299 184
133.23 34.0285 351
133.23 34.3271 341
133.23 34.6257 289
133.23 34.9242 407
133.23 35.2228 193
133.23 35.5214 85
133.23 35.82 31
133.23 36.1185 2
133.23 36.4171 0
133.23 36.7157 0
133.23 37.0143 0
133.23 37.3128 0
133.23 37.6114 0
133.23 37.91 0
133.23 38.2086 0
133.23 38.5071 0
133.23 38.8057 0
133.23 39.1043 0
133.23 39.4029 0
133.23 39.7014 0
133.23 40 0
133.23 40.2986 0
133.23 40.5971 0
133.23 40.8957 0
133.23 41.1943 0
133.23 41.4929 0
133.23 41.7914 0
133.23 42.09 0
133.23 42.3886 0
133.23 42.6872 0
133.23 42.9857 0
133.23 43.2843 0
133.23 43.5829 0
133.23 43.8815 0
133.23 44.18 0
133.23 44.4786 0
133.23 44.7772 0
133.23 45.0758 0
133.23 45.3743 0
133.23 45.6729 0
133.23 45.9715 0
133.23 46.2701 0
133.23 46.5686 0
133.23 46.8672 0
133.23 47.1658 0
133.23 47.4643 0
133.23 47.7629 0
133.23 48.0615 0
133.23 48.3601 0
133.23 48.6586 0
133.23 48.9572 0
133.23 49.2558 0
133.23 49.5544 0
133.23 49.8529 0
133.543 30.1471 0
133.543 30.4456 0
133.543 30.7442 0
133.543 31.0428 0
133.543 31.3414 0
133.543 31.6399 0
133.543 31.9385 0
133.543 32.2371 0
133.543 32.5357 1
133.543 32.8342 86
133.543 33.1328 217
133.543 33.4314 255
133.543 33.7299 208
133.543 34.0285 295
133.543 34.3271 274
133.543 34.6257 290
133.543 34.9242 359
133.543 35.2228 172
133.543 35.5214 77
133.543 35.82 35
133.543 36.1185 4
133.543 36.4171 0
133.543 36.7157 0
133.543 37.0143 0
133.543 37.3128 0
133.543 37.6114 0
133.543 37.91 0
133.543 38.2086 0
133.543 38.5071 0
133.543 38.8057 0
133.543 39.1043 0
133.543 39.4029 0
133.543 39.7014 0
133.543 40 0
133.543 40.2986 0
133.543 40.5971 0
133.543 40.8957 0
133.543 41.1943 0
133.543 41.4929 0
133.543 41.7914 0
133.543 42.09 0
133.543 42.3886 0
133.543 42.6872 0
133.543 42.9857 0
133.543 43.2843 0
133.543 43.5829 0
133.543 43.8815 0
133.543 44.18 0
133.543 44.4786 0
133.543 44.7772 0
133.543 45.0758 0
133.543 45.3743 0
133.543 45.6729 0
133.543 45.9715 0
133.543 46.2701 0
133.543 46.5686 0
133.543 46.8672 0
133.543 47.1658 0
133.543 47.4643 0
133.543 47.7629 0
133.543 48.0615 0
133.543 48.3601 0
133.543 48.6586 0
133.543 48.9572 0
133.543 49.2558 0
133.543 49.5544 0
133.543 49.8529 0
133.857 30.1471 0
133.857 30.4456 0
133.857 30.7442 0
133.857 31.0428 0
133.857 31.3414 0
133.857 31.6399 0
133.857 31.9385 0
133.857 32.2371 0
133.857 32.5357 11
133.857 32.8342 52
133.857 33.1328 178
133.857 33.4314 254
133.857 33.7299 143
133.857 34.0285 237
133.857 34.3271 339
133.857 34.6257 312
133.857 34.9242 322
133.857 35.2228 215
133.857 35.5214 67
133.857 35.82 41
133.857 36.1185 0
133.857 36.4171 0
133.857 36.7157 0
133.857 37.0143 0
133.857 37.3128 0
133.857 37.6114 0
133.857 37.91 0
133.857 38.2086 0
133.857 38.5071 0
133.857 38.8057 0
133.857 39.1043 0
133.857 39.4029 0
133.857 39.7014 0
133.857 40 0
133.857 40.2986 0
133.857 40.5971 0
133.857 40.8957 0
133.857 41.1943 0
133.857 41.4929 0
133.857 41.7914 0
133.857 42.09 0
133.857 42.3886 0
133.857 42.6872 0
133.857 42.9857 0
133.857 43.2843 0
133.857 43.5829 0
133.857 43.8815 0
133.857 44.18 0
133.857 44.4786 0
133.857 44.7772 0
133.857 45.0758 0
133.857 45.3743 0
133.857 45.6729 0
133.857 45.9715 0
133.857 46.2701 0
133.857 46.5686 0
133.857 46.8672 0
133.857 47.1658 0
133.857 47.4643 0
133.857 47.7629 0
133.857 48.0615 0
133.857 48.3601 0
133.857 48.6586 0
133.857 48.9572 0
133.857 49.2558 0
133.857 49.5544 0
133.857 49.8529 0
134.17 30.1471 0
134.17 30.4456 0
134.17 30.7442 0
134.17 31.0428 0
134.17 31.3414 0
134.17 31.6399 0
134.17 31.9385 0
134.17 32.2371 0
134.17 32.5357 3
134.17 32.8342 26
134.17 33.1328 162
134.17 33.4314 161
134.17 33.7299 265
134.17 34.0285 233
134.17 34.3271 336
134.17 34.6257 293
134.17 34.9242 299
134.17 35.2228 136
134.17 35.5214 58
134.17 35.82 45
134.17 36.1185 1
134.17 36.4171 0
134.17 36.7157 0
134.17 37.0143 0
134.17 37.3128 0
134.17 37.6114 0
134.17 37.91 0
134.17 38.2086 0
134.17 38.5071 0
134.17 38.8057 0
134.17 39.1043 0
134.17 39.4029 0
134.17 39.7014 0
134.17 40 0
134.17 40.2986 0
134.17 40.5971 0
134.17 40.8957 0
134.17 41.1943 0
134.17 41.4929 0
134.17 41.7914 0
134.17 42.09 0
134.17 42.3886 0
134.17 42.6872 0
134.17 42.9857 0
134.17 43.2843 0
134.17 43.5829 0
134.17 43.8815 0
134.17 44.18 0
134.17 44.4786 0
134.17 44.7772 0
134.17 45.0758 0
134.17 45.3743 0
134.17 45.6729 0
134.17 45.9715 0
134.17 46.2701 0
134.17 46.5686 0
134.17 46.8672 0
134.17 47.1658 0
134.17 47.4643 0
134.17 47.7629 0
134.17 48.0615 0
134.17 48.3601 0
134.17 48.6586 0
134.17 48.9572 0
134.17 49.2558 0
134.17 49.5544 0
134.17 49.8529 0
134.484 30.1471 0
134.484 30.4456 0
134.484 30.7442 0
134.484 31.0428 0
134.484 31.3414 0
134.484 31.6399 0
134.484 31.9385 0
134.484 32.2371 0
134.484 32.5357 0
134.484 32.8342 66
134.484 33.1328 120
134.484 33.4314 117
134.484 33.7299 237
134.484 34.0285 173
134.484 34.3271 267
134.484 34.6257 295
134.484 34.9242 339
134.484 35.2228 144
134.484 35.5214 63
134.484 35.82 60
134.484 36.1185 5
134.484 36.4171 0
134.484 36.7157 0
134.484 37.0143 0
134.484 37.3128 0
134.484 37.6114 0
134.484 37.91 0
134.484 38.2086 0
134.484 38.5071 0
134.484 38.8057 0
134.484 39.1043 0
134.484 39.4029 0
134.484 39.7014 0
134.484 40 0
134.484 40.2986 0
134.484 40.5971 0
134.484 40.8957 0
134.484 41.1943 0
134.484 41.4929 0
134.484 41.7914 0
134.484 42.09 0
134.484 42.3886 0
134.484 42.6872 0
134.484 42.9857 0
134.484 43.2843 0
134.484 43.5829 0
134.484 43.8815 0
134.484 44.18 0
134.484 44.4786 0
134.484 44.7772 0
134.484 45.0758 0
134.484 45.3743 0
134.484 45.6729 0
134.484 45.9715 0
134.484 46.2701 0
134.484 46.5686 0
134.484 46.8672 0
134.484 47.1658 0
134.484 47.4643 0
134.484 47.7629 0
134.484 48.0615 0
134.484 48.3601 0
134.484 48.6586 0
134.484 48.9572 0
134.484 49.2558 0
134.484 49.5544 0
134.484 49.8529 0
134.797 30.1471 0
134.797 30.4456 0
134.797 30.7442 0
134.797 31.0428 0
134.797 31.3414 0
134.797 31.6399 0
134.797 31.9385 0
134.797 32.2371 0
134.797 32.5357 0
134.797 32.8342 0
134.797 33.1328 45
134.797 33.4314 160
134.797 33.7299 163
134.797 34.0285 115
134.797 34.3271 257
134.797 34.6257 419
134.797 34.9242 296
134.797 35.2228 276
134.797 35.5214 68
134.797 35.82 55
134.797 36.1185 8
134.797 36.4171 0
134.797 36.7157 0
134.797 37.0143 0
134.797 37.3128 0
134.797 37.6114 0
134.797 37.91 0
134.797 38.2086 0
134.797 38.5071 0
134.797 38.8057 0
134.797 39.1043 0
134.797 39.4029 0
134.797 39.7014 0
134.797 40 0
134.797 40.2986 0
134.797 40.5971 0
134.797 40.8957 0
134.797 41.1943 0
134.797 41.4929 0
134.797 41.7914 0
134.797 42.09 0
134.797 42.3886 0
134.797 42.6872 0
134.797 42.9857 0
134.797 43.2843 0
134.797 43.5829 0
134.797 43.8815 0
134.797 44.18 0
134.797 44.4786 0
134.797 44.7772 0
134.797 45.0758 0
134.797 45.3743 0
134.797 45.6729 0
134.797 45.9715 0
134.797 46.2701 0
134.797 46.5686 0
134.797 46.8672 0
134.797 47.1658 0
134.797 47.4643 0
134.797 47.7629 0
134.797 48.0615 0
134.797 48.3601 0
134.797 48.6586 0
134.797 48.9572 0
134.797 49.2558 0
134.797 49.5544 0
134.797 49.8529 0
135.111 30.1471 0
135.111 30.4456 0
135.111 30.7442 0
135.111 31.0428 0
135.111 31.3414 0
135.111 31.6399 0
135.111 31.9385 0
135.111 32.2371 0
135.111 32.5357 0
135.111 32.8342 14
135.111 33.1328 58
135.111 33.4314 67
135.111 33.7299 157
135.111 34.0285 170
135.111 34.3271 162
135.111 34.6257 336
135.111 34.9242 257
135.111 35.2228 251
135.111 35.5214 64
135.111 35.82 55
135.111 36.1185 10
135.111 36.4171 0
135.111 36.7157 0
135.111 37.0143 0
135.111 37.3128 0
135.111 37.6114 0
135.111 37.91 0
135.111 38.2086 0
135.111 38.5071 0
135.111 38.8057 0
135.111 39.1043 0
135.111 39.4029 0
135.111 39.7014 0
135.111 40 0
135.111 40.2986 0
135.111 40.5971 0
135.111 40.8957 0
135.111 41.1943 0
135.111 41.4929 0
135.111 41.7914 0
135.111 42.09 0
135.111 42.3886 0
135.111 42.6872 0
135.111 42.9857 0
135.111 43.2843 0
135.111 43.5829 0
135.111 43.8815 0
135.111 44.18 0
135.111 44.4786 0
135.111 44.7772 0
135.111 45.0758 0
135.111 45.3743 0
135.111 45.6729 0
135.111 45.9715 0
135.111 46.2701 0
135.111 46.5686 0
135.111 46.8672 0
135.111 47.1658 0
135.111 47.4643 0
135.111 47.7629 0
135.111 48.0615 0
135.111 48.3601 0
135.111 48.6586 0
135.111 48.9572 0
135.111 49.2558 0
135.111 49.5544 0
135.111 49.8529 0
135.424 30.1471 0
135.424 30.4456 0
135.424 30.7442 0
135.424 31.0428 0
135.424 31.3414 0
135.424 31.6399 0
135.424 31.9385 0
135.424 32.2371 0
135.424 32.5357 0
135.424 32.8342 13
135.424 33.1328 72
135.424 33.4314 189
135.424 33.7299 188
135.424 34.0285 205
135.424 34.3271 182
135.424 34.6257 218
135.424 34.9242 266
135.424 35.2228 238
135.424 35.5214 100
135.424 35.82 57
135.424 36.1185 26
135.424 36.4171 0
135.424 36.7157 0
135.424 37.0143 0
135.424 37.3128 0
135.424 37.6114 0
135.424 37.91 0
135.424 38.2086 0
135.424 38.5071 0
135.424 38.8057 0
135.424 39.1043 0
135.424 39.4029 0
135.424 39.7014 0
135.424 40 0
135.424 40.2986 0
135.424 40.5971 0
135.424 40.8957 0
135.424 41.1943 0
135.424 41.4929 0
135.424 41.7914 0
135.424 42.09 0
135.424 42.3886 0
135.424 42.6872 0
135.424 42.9857 0
135.424 43.2843 0
135.424 43.5829 0
135.424 43.8815 0
135.424 44.18 0
135.424 44.4786 0
135.424 44.7772 0
135.424 45.0758 0
135.424 45.3743 0
135.424 45.6729 0
135.424 45.9715 0
135.424 46.2701 0
135.424 46.5686 0
135.424 46.8672 0
135.424 47.1658 0
135.424 47.4643 0
135.424 47.7629 0
135.424 48.0615 0
135.424 48.3601 0
135.424 48.6586 0
135.424 48.9572 0
135.424 49.2558 0
135.424 49.5544 0
135.424 49.8529 0
135.738 30.1471 0
135.738 30.4456 0
135.738 30.7442 0
135.738 31.0428 0
135.738 31.3414 0
135.738 31.6399 0
135.738 31.9385 0
135.738 32.2371 0
135.738 32.5357 0
135.738 32.8342 17
135.738 33.1328 168
135.738 33.4314 157
135.738 33.7299 292
135.738 34.0285 296
135.738 34.3271 300
135.738 34.6257 280
135.738 34.9242 254
135.738 35.2228 173
135.738 35.5214 86
135.738 35.82 54
135.738 36.1185 30
135.738 36.4171 10
135.738 36.7157 1
135.738 37.0143 1
135.738 37.3128 2
135.738 37.6114 0
135.738 37.91 0
135.738 38.2086 0
135.738 38.5071 0
135.738 38.8057 0
135.738 39.1043 0
135.738 39.4029 0
135.738 39.7014 0
135.738 40 0
135.738 40.2986 0
135.738 40.5971 0
135.738 40.8957 0
135.738 41.1943 0
135.738 41.4929 0
135.738 41.7914 0
135.738 42.09 0
135.738 42.3886 0
135.738 42.6872 0
135.738 42.9857 0
135.738 43.2843 0
135.738 43.5829 0
135.738 43.8815 0
135.738 44.18 0
135.738 44.4786 0
135.738 44.7772 0
135.738 45.0758 0
135.738 45.3743 0
135.738 45.6729 0
135.738 45.9715 0
135.738 46.2701 0
135.738 46.5686 0
135.738 46.8672 0
135.738 47.1658 0
135.738 47.4643 0
135.738 47.7629 0
135.738 48.0615 0
135.738 48.3601 0
135.738 48.6586 0
135.738 48.9572 0
135.738 49.2558 0
135.738 49.5544 0
135.738 49.8529 0
136.051 30.1471 0
136.051 30.4456 0
136.051 30.7442 0
136.051 31.0428 0
136.051 31.3414 0
136.051 31.6399 0
136.051 31.9385 0
136.051 32.2371 0
136.051 32.5357 0
136.051 32.8342 2
136.051 33.1328 100
136.051 33.4314 176
136.051 33.7299 219
136.051 34.0285 286
136.051 34.3271 339
136.051 34.6257 334
136.051 34.9242 269
136.051 35.2228 202
136.051 35.5214 94
136.051 35.82 66
136.051 36.1185 26
136.051 36.4171 28
136.051 36.7157 24
136.051 37.0143 18
136.051 37.3128 19
136.051 37.6114 6
136.051 37.91 0
136.051 38.2086 0
136.051 38.5071 0
136.051 38.8057 0
136.051 39.1043 0
136.051 39.4029 0
136.051 39.7014 0
136.051 40 0
136.051 40.2986 0
136.051 40.5971 0
136.051 40.8957 0
136.051 41.1943 0
136.051 41.4929 0
136.051 41.7914 0
136.051 42.09 0
136.051 42.3886 0
136.051 42.6872 0
136.051 42.9857 0
136.051 43.2843 0
136.051 43.5829 0
136.051 43.8815 0
136.051 44.18 0
136.051 44.4786 0
136.051 44.7772 0
136.051 45.0758 0
136.051 45.3743 0
136.051 45.6729 0
136.051 45.9715 0
136.051 46.2701 0
136.051 46.5686 0
136.051 46.8672 0
136.051 47.1658 0
136.051 47.4643 0
136.051 47.7629 0
136.051 48.0615 0
136.051 48.3601 0
136.051 48.6586 0
136.051 48.9572 0
136.051 49.2558 0
136.051 49.5544 0
136.051 49.8529 0
136.365 30.1471 0
136.365 30.4456 0
136.365 30.7442 0
136.365 31.0428 0
136.365 31.3414 0
136.365 31.6399 0
136.365 31.9385 0
136.365 32.2371 0
136.365 32.5357 0
136.365 32.8342 0
136.365 33.1328 33
136.365 33.4314 123
136.365 33.7299 158
136.365 34.0285 241
136.365 34.3271 219
136.365 34.6257 178
136.365 34.9242 151
136.365 35.2228 205
136.365 35.5214 171
136.365 35.82 97
136.365 36.1185 91
136.365 36.4171 58
136.365 36.7157 102
136.365 37.0143 48
136.365 37.3128 42
136.365 37.6114 18
136.365 37.91 0
136.365 38.2086 0
136.365 38.5071 0
136.365 38.8057 0
136.365 39.1043 0
136.365 39.4029 0
136.365 39.7014 0
136.365 40 0
136.365 40.2986 0
136.365 40.5971 0
136.365 40.8957 0
136.365 41.1943 0
136.365 41.4929 0
136.365 41.7914 0
136.365 42.09 0
136.365 42.3886 0
136.365 42.6872 0
136.365 42.9857 0
136.365 43.2843 0
136.365 43.5829 0
136.365 43.8815 0
136.365 44.18 0
136.365 44.4786 0
136.365 44.7772 0
136.365 45.0758 0
136.365 45.3743 0
136.365 45.6729 0
136.365 45.9715 0
136.365 46.2701 0
136.365 46.5686 0
136.365 46.8672 0
136.365 47.1658 0
136.365 47.4643 0
136.365 47.7629 0
136.365 48.0615 0
136.365 48.3601 0
136.365 48.6586 0
136.365 48.9572 0
136.365 49.2558 0
136.365 49.5544 0
136.365 49.8529 0
136.678 30.1471 0
136.678 30.4456 0
136.678 30.7442 0
136.678 31.0428 0
136.678 31.3414 0
136.678 31.6399 0
136.678 31.9385 0
136.678 32.2371 0
136.678 32.5357 0
136.678 32.8342 0
136.678 33.1328 0
136.678 33.4314 0
136.678 33.7299 75
136.678 34.0285 218
136.678 34.3271 327
136.678 34.6257 329
136.678 34.9242 310
136.678 35.2228 246
136.678 35.5214 144
136.678 35.82 169
136.678 36.1185 138
136.678 36.4171 108
136.678 36.7157 130
136.678 37.0143 65
136.678 37.3128 19
136.678 37.6114 38
136.678 37.91 1
136.678 38.2086 0
136.678 38.5071 0
136.678 38.8057 0
136.678 39.1043 0
136.678 39.4029 0
136.678 39.7014 0
136.678 40 0
136.678 40.2986 0
136.678 40.5971 0
136.678 40.8957 0
136.678 41.1943 0
136.678 41.4929 0
136.678 41.7914 0
136.678 42.09 0
136.678 42.3886 0
136.678 42.6872 0
136.678 42.9857 0
136.678 43.2843 0
136.678 43.5829 0
136.678 43.8815 0
136.678 44.18 0
136.678 44.4786 0
136.678 44.7772 0
136.678 45.0758 0
136.678 45.3743 0
136.678 45.6729 0
136.678 45.9715 0
136.678 46.2701 0
136.678 46.5686 0
136.678 46.8672 0
136.678 47.1658 0
136.678 47.4643 0
136.678 47.7629 0
136.678 48.0615 0
136.678 48.3601 0
136.678 48.6586 0
136.678 48.9572 0
136.678 49.2558 0
136.678 49.5544 0
136.678 49.8529 0
136.992 30.1471 0
136.992 30.4456 0
136.992 30.7442 0
136.992 31.0428 0
136.992 31.3414 0
136.992 31.6399 0
136.992 31.9385 0
136.992 32.2371 0
136.992 32.5357 0
136.992 32.8342 0
136.992 33.1328 0
136.992 33.4314 0
136.992 33.7299 55
136.992 34.0285 167
136.992 34.3271 133
136.992 34.6257 183
136.992 34.9242 286
136.992 35.2228 234
136.992 35.5214 172
136.992 35.82 182
136.992 36.1185 297
136.992 36.4171 181
136.992 36.7157 274
136.992 37.0143 189
136.992 37.3128 11
136.992 37.6114 27
136.992 37.91 6
136.992 38.2086 0
136.992 38.5071 0
136.992 38.8057 0
136.992 39.1043 0
136.992 39.4029 0
136.992 39.7014 0
136.992 40 0
136.992 40.2986 0
136.992 40.5971 0
136.992 40.8957 0
136.992 41.1943 0
136.992 41.4929 0
136.992 41.7914 0
136.992 42.09 0
136.992 42.3886 0
136.992 42.6872 0
136.992 42.9857 0
136.992 43.2843 0
136.992 43.5829 0
136.992 43.8815 0
136.992 44.18 0
136.992 44.4786 0
136.992 44.7772 0
136.992 45.0758 0
136.992 45.3743 0
136.992 45.6729 0
136.992 45.9715 0
136.992 46.2701 0
136.992 46.5686 0
136.992 46.8672 0
136.992 47.1658 0
136.992 47.4643 0
136.992 47.7629 0
136.992 48.0615 0
136.992 48.3601 0
136.992 48.6586 0
136.992 48.9572 0
136.992 49.2558 0
136.992 49.5544 0
136.992 49.8529 0
137.305 30.1471 0
137.305 30.4456 0
137.305 30.7442 0
137.305 31.0428 0
137.305 31.3414 0
137.305 31.6399 0
137.305 31.9385 0
137.305 32.2371 0
137.305 32.5357 0
137.305 32.8342 0
137.305 33.1328 0
137.305 33.4314 0
137.305 33.7299 14
137.305 34.0285 107
137.305 34.3271 305
137.305 34.6257 282
137.305 34.9242 258
137.305 35.2228 175
137.305 35.5214 209
137.305 35.82 217
137.305 36.1185 361
137.305 36.4171 325
137.305 36.7157 254
137.305 37.0143 223
137.305 37.3128 29
137.305 37.6114 32
137.305 37.91 7
137.305 38.2086 0
137.305 38.5071 0
137.305 38.8057 0
137.305 39.1043 0
137.305 39.4029 0
137.305 39.7014 0
137.305 40 0
137.305 40.2986 0
137.305 40.5971 0
137.305 40.8957 0
137.305 41.1943 0
137.305 41.4929 0
137.305 41.7914 0
137.305 42.09 0
137.305 42.3886 0
137.305 42.6872 0
137.305 42.9857 0
137.305 43.2843 0
137.305 43.5829 0
137.305 43.8815 0
137.305 44.18 0
137.305 44.4786 0
137.305 44.7772 0
137.305 45.0758 0
137.305 45.3743 0
137.305 45.6729 0
137.305 45.9715 0
137.305 46.2701 0
137.305 46.5686 0
137.305 46.8672 0
137.305 47.1658 0
137.305 47.4643 0
137.305 47.7629 0
137.305 48.0615 0
137.305 48.3601 0
137.305 48.6586 0
137.305 48.9572 0
137.305 49.2558 0
137.305 49.5544 0
137.305 49.8529 0
137.619 30.1471 0
137.619 30.4456 0
137.619 30.7442 0
137.619 31.0428 0
137.619 31.3414 0
137.619 31.6399 0
137.619 31.9385 0
137.619 32.2371 0
137.619 32.5357 0
137.619 32.8342 0
137.619 33.1328 0
137.619 33.4314 0
137.619 33.7299 0
137.619 34.0285 103
137.619 34.3271 370
137.619 34.6257 291
137.619 34.9242 346
137.619 35.2228 279
137.619 35.5214 280
137.619 35.82 445
137.619 36.1185 478
137.619 36.4171 349
137.619 36.7157 113
137.619 37.0143 208
137.619 37.3128 54
137.619 37.6114 14
137.619 37.91 17
137.619 38.2086 0
137.619 38.5071 0
137.619 38.8057 0
137.619 39.1043 0
137.619 39.4029 0
137.619 39.7014 0
137.619 40 0
137.619 40.2986 0
137.619 40.5971 0
137.619 40.8957 0
137.619 41.1943 0
137.619 41.4929 0
137.619 41.7914 0
137.619 42.09 0
137.619 42.3886 0
137.619 42.6872 0
137.619 42.9857 0
137.619 43.2843 0
137.619 43.5829 0
137.619 43.8815 0
137.619 44.18 0
137.619 44.4786 0
137.619 44.7772 0
137.619 45.0758 0
137.619 45.3743 0
137.619 45.6729 0
137.619 45.9715 0
137.619 46.2701 0
137.619 46.5686 0
137.619 46.8672 0
137.619 47.1658 0
137.619 47.4643 0
137.619 47.7629 0
137.619 48.0615 0
137.619 48.3601 0
137.619 48.6586 0
137.619 48.9572 0
137.619 49.2558 0
137.619 49.5544 0
137.619 49.8529 0
137.932 30.1471 0
137.932 30.4456 0
137.932 30.7442 0
137.932 31.0428 0
137.932 31.3414 0
137.932 31.6399 0
137.932 31.9385 0
137.932 32.2371 0
137.932 32.5357 0
137.932 32.8342 0
137.932 33.1328 0
137.932 33.4314 0
137.932 33.7299 0
137.932 34.0285 58
137.932 34.3271 321
137.932 34.6257 409
137.932 34.9242 323
137.932 35.2228 301
137.932 35.5214 367
137.932 35.82 309
137.932 36.1185 283
137.932 36.4171 233
137.932 36.7157 74
137.932 37.0143 64
137.932 37.3128 30
137.932 37.6114 3
137.932 37.91 3
137.932 38.2086 0
137.932 38.5071 0
137.932 38.8057 0
137.932 39.1043 0
137.932 39.4029 0
137.932 39.7014 0
137.932 40 0
137.932 40.2986 0
137.932 40.5971 0
137.932 40.8957 0
137.932 41.1943 0
137.932 41.4929 0
137.932 41.7914 0
137.932 42.09 0
137.932 42.3886 0
137.932 42.6872 0
137.932 42.9857 0
137.932 43.2843 0
137.932 43.5829 0
137.932 43.8815 0
137.932 44.18 0
137.932 44.4786 0
137.932 44.7772 0
137.932 45.0758 0
137.932 45.3743 0
137.932 45.6729 0
137.932 45.9715 0
137.932 46.2701 0
137.932 46.5686 0
137.932 46.8672 0
137.932 47.1658 0
137.932 47.4643 0
137.932 47.7629 0
137.932 48.0615 0
137.932 48.3601 0
137.932 48.6586 0
137.932 48.9572 0
137.932 49.2558 0
137.932 49.5544 0
137.932 49.8529 0
138.246 30.1471 0
138.246 30.4456 0
138.246 30.7442 0
138.246 31.0428 0
138.246 31.3414 0
138.246 31.6399 0
138.246 31.9385 0
138.246 32.2371 0
138.246 32.5357 0
138.246 32.8342 0
138.246 33.1328 0
138.246 33.4314 0
138.246 33.7299 0
138.246 34.0285 56
138.246 34.3271 295
138.246 34.6257 396
138.246 34.9242 346
138.246 35.2228 449
138.246 35.5214 492
138.246 35.82 870
138.246 36.1185 606
138.246 36.4171 421
138.246 36.7157 208
138.246 37.0143 92
138.246 37.3128 71
138.246 37.6114 18
138.246 37.91 1
138.246 38.2086 0
138.246 38.5071 0
138.246 38.8057 0
138.246 39.1043 0
138.246 39.4029 0
138.246 39.7014 0
138.246 40 0
138.246 40.2986 0
138.246 40.5971 0
138.246 40.8957 0
138.246 41.1943 0
138.246 41.4929 0
138.246 41.7914 0
138.246 42.09 0
138.246 42.3886 0
138.246 42.6872 0
138.246 42.9857 0
138.246 43.2843 0
138.246 43.5829 0
138.246 43.8815 0
138.246 44.18 0
138.246 44.4786 0
138.246 44.7772 0
138.246 45.0758 0
138.246 45.3743 0
138.246 45.6729 0
138.246 45.9715 0
138.246 46.2701 0
138.246 46.5686 0
138.246 46.8672 0
138.246 47.1658 0
138.246 47.4643 0
138.246 47.7629 0
138.246 48.0615 0
138.246 48.3601 0
138.246 48.6586 0
138.246 48.9572 0
138.246 49.2558 0
138.246 49.5544 0
138.246 49.8529 0
138.559 30.1471 0
138.559 30.4456 0
138.559 30.7442 0
138.559 31.0428 0
138.559 31.3414 0
138.559 31.6399 0
138.559 31.9385 0
138.559 32.2371 0
138.559 32.5357 0
138.559 32.8342 0
138.559 33.1328 0
138.559 33.4314 2
138.559 33.7299 6
138.559 34.0285 38
138.559 34.3271 207
138.559 34.6257 439
138.559 34.9242 547
138.559 35.2228 595
138.559 35.5214 682
138.559 35.82 440
138.559 36.1185 278
138.559 36.4171 375
138.559 36.7157 289
138.559 37.0143 111
138.559 37.3128 84
138.559 37.6114 44
138.559 37.91 24
138.559 38.2086 9
138.559 38.5071 0
138.559 38.8057 0
138.559 39.1043 0
138.559 39.4029 0
138.559 39.7014 0
138.559 40 0
138.559 40.2986 0
138.559 40.5971 0
138.559 40.8957 0
138.559 41.1943 0
138.559 41.4929 0
138.559 41.7914 0
138.559 42.09 0
138.559 42.3886 0
138.559 42.6872 0
138.559 42.9857 0
138.559 43.2843 0
138.559 43.5829 0
138.559 43.8815 0
138.559 44.18 0
138.559 44.4786 0
138.559 44.7772 0
138.559 45.0758 0
138.559 45.3743 0
138.559 45.6729 0
138.559 45.9715 0
138.559 46.2701 0
138.559 46.5686 0
138.559 46.8672 0
138.559 47.1658 0
138.559 47.4643 0
138.559 47.7629 0
138.559 48.0615 0
138.559 48.3601 0
138.559 48.6586 0
138.559 48.9572 0
138.559 49.2558 0
138.559 49.5544 0
138.559 49.8529 0
138.873 30.1471 0
138.873 30.4456 0
138.873 30.7442 0
138.873 31.0428 0
138.873 31.3414 0
138.873 31.6399 0
138.873 31.9385 0
138.873 32.2371 0
138.873 32.5357 0
138.873 32.8342 0
138.873 33.1328 0
138.873 33.4314 3
138.873 33.7299 43
138.873 34.0285 38
138.873 34.3271 111
138.873 34.6257 224
138.873 34.9242 402
138.873 35.2228 522
138.873 35.5214 525
138.873 35.82 378
138.873 36.1185 334
138.873 36.4171 182
138.873 36.7157 191
138.873 37.0143 182
138.873 37.3128 102
138.873 37.6114 61
138.873 37.91 52
138.873 38.2086 37
138.873 38.5071 11
138.873 38.8057 0
138.873 39.1043 0
138.873 39.4029 0
138.873 39.7014 1
138.873 40 2
138.873 40.2986 0
138.873 40.5971 0
138.873 40.8957 0
138.873 41.1943 0
138.873 41.4929 0
138.873 41.7914 0
138.873 42.09 0
138.873 42.3886 0
138.873 42.6872 0
138.873 42.9857 0
138.873 43.2843 0
138.873 43.5829 0
138.873 43.8815 0
138.873 44.18 0
138.873 44.4786 0
138.873 44.7772 0
138.873 45.0758 0
138.873 45.3743 0
138.873 45.6729 0
138.873 45.9715 0
138.873 46.2701 0
138.873 46.5686 0
138.873 46.8672 0
138.873 47.1658 0
138.873 47.4643 0
138.873 47.7629 0
138.873 48.0615 0
138.873 48.3601 0
138.873 48.6586 0
138.873 48.9572 0
138.873 49.2558 0
138.873 49.5544 0
138.873 49.8529 0
139.186 30.1471 0
139.186 30.4456 0
139.186 30.7442 0
139.186 31.0428 0
139.186 31.3414 0
139.186 31.6399 0
139.186 31.9385 0
139.186 32.2371 0
139.186 32.5357 3
139.186 32.8342 5
139.186 33.1328 4
139.186 33.4314 19
139.186 33.7299 35
139.186 34.0285 32
139.186 34.3271 283
139.186 34.6257 536
139.186 34.9242 651
139.186 35.2228 588
139.186 35.5214 446
139.186 35.82 460
139.186 36.1185 343
139.186 36.4171 385
139.186 36.7157 383
139.186 37.0143 347
139.186 37.3128 141
139.186 37.6114 134
139.186 37.91 83
139.186 38.2086 31
139.186 38.5071 35
139.186 38.8057 12
139.186 39.1043 5
139.186 39.4029 2
139.186 39.7014 5
139.186 40 10
139.186 40.2986 3
139.186 40.5971 4
139.186 40.8957 1
139.186 41.1943 0
139.186 41.4929 0
139.186 41.7914 0
139.186 42.09 3
139.186 42.3886 9
139.186 42.6872 7
139.186 42.9857 0
139.186 43.2843 0
139.186 43.5829 0
139.186 43.8815 0
139.186 44.18 0
139.186 44.4786 0
139.186 44.7772 0
139.186 45.0758 0
139.186 45.3743 0
139.186 45.6729 0
139.186 45.9715 0
139.186 46.2701 0
139.186 46.5686 0
139.186 46.8672 0
139.186 47.1658 0
139.186 47.4643 0
139.186 47.7629 0
139.186 48.0615 0
139.186 48.3601 0
139.186 48.6586 0
139.186 48.9572 0
139.186 49.2558 0
139.186 49.5544 0
139.186 49.8529 0
139.5 30.1471 0
139.5 30.4456 0
139.5 30.7442 0
139.5 31.0428 0
139.5 31.3414 0
139.5 31.6399 0
139.5 31.9385 0
139.5 32.2371 0
139.5 32.5357 31
139.5 32.8342 3
139.5 33.1328 5
139.5 33.4314 17
139.5 33.7299 88
139.5 34.0285 146
139.5 34.3271 160
139.5 34.6257 463
139.5 34.9242 727
139.5 35.2228 729
139.5 35.5214 582
139.5 35.82 485
139.5 36.1185 376
139.5 36.4171 352
139.5 36.7157 268
139.5 37.0143 361
139.5 37.3128 368
139.5 37.6114 207
139.5 37.91 155
139.5 38.2086 82
139.5 38.5071 55
139.5 38.8057 37
139.5 39.1043 26
139.5 39.4029 48
139.5 39.7014 11
139.5 40 9
139.5 40.2986 26
139.5 40.5971 19
139.5 40.8957 19
139.5 41.1943 0
139.5 41.4929 8
139.5 41.7914 17
139.5 42.09 26
139.5 42.3886 14
139.5 42.6872 17
139.5 42.9857 12
139.5 43.2843 0
139.5 43.5829 0
139.5 43.8815 0
139.5 44.18 0
139.5 44.4786 0
139.5 44.7772 0
139.5 45.0758 0
139.5 45.3743 0
139.5 45.6729 0
139.5 45.9715 0
139.5 46.2701 0
139.5 46.5686 0
139.5 46.8672 0
139.5 47.1658 0
139.5 47.4643 0
139.5 47.7629 0
139.5 48.0615 0
139.5 48.3601 0
139.5 48.6586 0
139.5 48.9572 0
139.5 49.2558 0
139.5 49.5544 0
139.5 49.8529 0
139.814 30.1471 0
139.814 30.4456 0
139.814 30.7442 0
139.814 31.0428 0
139.814 31.3414 0
139.814 31.6399 0
139.814 31.9385 0
139.814 32.2371 0
139.814 32.5357 10
139.814 32.8342 6
139.814 33.1328 0
139.814 33.4314 26
139.814 33.7299 84
139.814 34.0285 76
139.814 34.3271 174
139.814 34.6257 417
139.814 34.9242 423
139.814 35.2228 395
139.814 35.5214 369
139.814 35.82 400
139.814 36.1185 443
139.814 36.4171 358
139.814 36.7157 373
139.814 37.0143 265
139.814 37.3128 285
139.814 37.6114 272
139.814 37.91 310
139.814 38.2086 135
139.814 38.5071 124
139.814 38.8057 97
139.814 39.1043 56
139.814 39.4029 94
139.814 39.7014 69
139.814 40 76
139.814 40.2986 83
139.814 40.5971 45
139.814 40.8957 38
139.814 41.1943 6
139.814 41.4929 31
139.814 41.7914 39
139.814 42.09 37
139.814 42.3886 35
139.814 42.6872 27
139.814 42.9857 33
139.814 43.2843 20
139.814 43.5829 1
139.814 43.8815 0
139.814 44.18 0
139.814 44.4786 0
139.814 44.7772 0
139.814 45.0758 0
139.814 45.3743 0
139.814 45.6729 0
139.814 45.9715 0
139.814 46.2701 0
139.814 46.5686 0
139.814 46.8672 0
139.814 47.1658 0
139.814 47.4643 0
139.814 47.7629 0
139.814 48.0615 0
139.814 48.3601 0
139.814 48.6586 0
139.814 48.9572 0
139.814 49.2558 0
139.814 49.5544 0
139.814 49.8529 0
140.127 30.1471 0
140.127 30.4456 0
140.127 30.7442 0
140.127 31.0428 0
140.127 31.3414 0
140.127 31.6399 0
140.127 31.9385 0
140.127 32.2371 0
140.127 32.5357 55
140.127 32.8342 41
140.127 33.1328 1
140.127 33.4314 11
140.127 33.7299 46
140.127 34.0285 86
140.127 34.3271 221
140.127 34.6257 354
140.127 34.9242 304
140.127 35.2228 293
140.127 35.5214 332
140.127 35.82 275
140.127 36.1185 417
140.127 36.4171 341
140.127 36.7157 303
140.127 37.0143 362
140.127 37.3128 392
140.127 37.6114 225
140.127 37.91 194
140.127 38.2086 277
140.127 38.5071 173
140.127 38.8057 137
140.127 39.1043 162
140.127 39.4029 142
140.127 39.7014 161
140.127 40 111
140.127 40.2986 123
140.127 40.5971 67
140.127 40.8957 47
140.127 41.1943 53
140.127 41.4929 77
140.127 41.7914 56
140.127 42.09 130
140.127 42.3886 79
140.127 42.6872 72
140.127 42.9857 62
140.127 43.2843 37
140.127 43.5829 3
140.127 43.8815 0
140.127 44.18 0
140.127 44.4786 0
140.127 44.7772 0
140.127 45.0758 0
140.127 45.3743 0
140.127 45.6729 0
140.127 45.9715 0
140.127 46.2701 0
140.127 46.5686 0
140.127 46.8672 0
140.127 47.1658 0
140.127 47.4643 0
140.127 47.7629 0
140.127 48.0615 0
140.127 48.3601 0
140.127 48.6586 0
140.127 48.9572 0
140.127 49.2558 0
140.127 49.5544 0
140.127 49.8529 0
140.441 30.1471 0
140.441 30.4456 0
140.441 30.7442 0
140.441 31.0428 0
140.441 31.3414 0
140.441 31.6399 0
140.441 31.9385 0
140.441 32.2371 0
140.441 32.5357 0
140.441 32.8342 0
140.441 33.1328 1
140.441 33.4314 3
140.441 33.7299 76
140.441 34.0285 120
140.441 34.3271 108
140.441 34.6257 247
140.441 34.9242 340
140.441 35.2228 321
140.441 35.5214 321
140.441 35.82 365
140.441 36.1185 454
140.441 36.4171 292
140.441 36.7157 230
140.441 37.0143 268
140.441 37.3128 209
140.441 37.6114 416
140.441 37.91 274
140.441 38.2086 287
140.441 38.5071 285
140.441 38.8057 282
140.441 39.1043 179
140.441 39.4029 183
140.441 39.7014 191
140.441 40 260
140.441 40.2986 243
140.441 40.5971 101
140.441 40.8957 99
140.441 41.1943 64
140.441 41.4929 96
140.441 41.7914 71
140.441 42.09 93
140.441 42.3886 228
140.441 42.6872 98
140.441 42.9857 44
140.441 43.2843 29
140.441 43.5829 6
140.441 43.8815 0
140.441 44.18 0
140.441 44.4786 0
140.441 44.7772 0
140.441 45.0758 0
140.441 45.3743 0
140.441 45.6729 0
140.441 45.9715 0
140.441 46.2701 0
140.441 46.5686 0
140.441 46.8672 0
140.441 47.1658 0
140.441 47.4643 0
140.441 47.7629 0
140.441 48.0615 0
140.441 48.3601 0
140.441 48.6586 0
140.441 48.9572 0
140.441 49.2558 0
140.441 49.5544 0
140.441 49.8529 0
140.754 30.1471 0
140.754 30.4456 0
140.754 30.7442 0
140.754 31.0428 0
140.754 31.3414 0
140.754 31.6399 0
140.754 31.9385 0
140.754 32.2371 0
140.754 32.5357 0
140.754 32.8342 0
140.754 33.1328 0
140.754 33.4314 1
140.754 33.7299 103
140.754 34.0285 84
140.754 34.3271 61
140.754 34.6257 116
140.754 34.9242 123
140.754 35.2228 248
140.754 35.5214 271
140.754 35.82 163
140.754 36.1185 311
140.754 36.4171 329
140.754 36.7157 238
140.754 37.0143 317
140.754 37.3128 222
140.754 37.6114 190
140.754 37.91 173
140.754 38.2086 243
140.754 38.5071 306
140.754 38.8057 325
140.754 39.1043 393
140.754 39.4029 329
140.754 39.7014 287
140.754 40 389
140.754 40.2986 294
140.754 40.5971 126
140.754 40.8957 98
140.754 41.1943 168
140.754 41.4929 47
140.754 41.7914 57
140.754 42.09 146
140.754 42.3886 251
140.754 42.6872 212
140.754 42.9857 66
140.754 43.2843 18
140.754 43.5829 11
140.754 43.8815 1
140.754 44.18 0
140.754 44.4786 1
140.754 44.7772 0
140.754 45.0758 5
140.754 45.3743 2
140.754 45.6729 0
140.754 45.9715 0
140.754 46.2701 0
140.754 46.5686 0
140.754 46.8672 0
140.754 47.1658 0
140.754 47.4643 0
140.754 47.7629 0
140.754 48.0615 0
140.754 48.3601 0
140.754 48.6586 0
140.754 48.9572 0
140.754 49.2558 0
140.754 49.5544 0
140.754 49.8529 0
141.068 30.1471 0
141.068 30.4456 0
141.068 30.7442 0
141.068 31.0428 0
141.068 31.3414 0
141.068 31.6399 0
141.068 31.9385 0
141.068 32.2371 0
141.068 32.5357 0
141.068 32.8342 0
141.068 33.1328 0
141.068 33.4314 0
141.068 33.7299 110
141.068 34.0285 102
141.068 34.3271 84
141.068 34.6257 203
141.068 34.9242 63
141.068 35.2228 218
141.068 35.5214 236
141.068 35.82 44
141.068 36.1185 93
141.068 36.4171 166
141.068 36.7157 132
141.068 37.0143 160
141.068 37.3128 184
141.068 37.6114 215
141.068 37.91 237
141.068 38.2086 198
141.068 38.5071 275
141.068 38.8057 271
141.068 39.1043 183
141.068 39.4029 236
141.068 39.7014 328
141.068 40 312
141.068 40.2986 200
141.068 40.5971 175
141.068 40.8957 160
141.068 41.1943 119
141.068 41.4929 36
141.068 41.7914 37
141.068 42.09 115
141.068 42.3886 205
141.068 42.6872 211
141.068 42.9857 106
141.068 43.2843 67
141.068 43.5829 39
141.068 43.8815 14
141.068 44.18 13
141.068 44.4786 7
141.068 44.7772 20
141.068 45.0758 16
141.068 45.3743 31
141.068 45.6729 5
141.068 45.9715 0
141.068 46.2701 0
141.068 46.5686 0
141.068 46.8672 0
141.068 47.1658 0
141.068 47.4643 0
141.068 47.7629 0
141.068 48.0615 0
141.068 48.3601 0
141.068 48.6586 0
141.068 48.9572 0
141.068 49.2558 0
141.068 49.5544 0
141.068 49.8529 0
141.381 30.1471 0
141.381 30.4456 0
141.381 30.7442 0
141.381 31.0428 0
141.381 31.3414 0
141.381 31.6399 0
141.381 31.9385 0
141.381 32.2371 0
141.381 32.5357 0
141.381 32.8342 0
141.381 33.1328 0
141.381 33.4314 4
141.381 33.7299 75
141.381 34.0285 91
141.381 34.3271 90
141.381 34.6257 221
141.381 34.9242 123
141.381 35.2228 108
141.381 35.5214 214
141.381 35.82 86
141.381 36.1185 97
141.381 36.4171 59
141.381 36.7157 112
141.381 37.0143 67
141.381 37.3128 94
141.381 37.6114 83
141.381 37.91 121
141.381 38.2086 183
141.381 38.5071 149
141.381 38.8057 245
141.381 39.1043 306
141.381 39.4029 212
141.381 39.7014 319
141.381 40 328
141.381 40.2986 294
141.381 40.5971 137
141.381 40.8957 126
141.381 41.1943 53
141.381 41.4929 23
141.381 41.7914 23
141.381 42.09 143
141.381 42.3886 206
141.381 42.6872 112
141.381 42.9857 100
141.381 43.2843 87
141.381 43.5829 79
141.381 43.8815 48
141.381 44.18 73
141.381 44.4786 41
141.381 44.7772 99
141.381 45.0758 60
141.381 45.3743 43
141.381 45.6729 17
141.381 45.9715 0
141.381 46.2701 0
141.381 46.5686 0
141.381 46.8672 0
141.381 47.1658 0
141.381 47.4643 0
141.381 47.7629 0
141.381 48.0615 0
141.381 48.3601 0
141.381 48.6586 0
141.381 48.9572 0
141.381 49.2558 0
141.381 49.5544 0
141.381 49.8529 0
141.695 30.1471 0
141.695 30.4456 0
141.695 30.7442 0
141.695 31.0428 0
141.695 31.3414 0
141.695 31.6399 0
141.695 31.9385 0
141.695 32.2371 0
141.695 32.5357 0
141.695 32.8342 0
141.695 33.1328 0
141.695 33.4314 0
141.695 33.7299 86
141.695 34.0285 109
141.695 34.3271 36
141.695 34.6257 77
141.695 34.9242 191
141.695 35.2228 113
141.695 35.5214 201
141.695 35.82 81
141.695 36.1185 123
141.695 36.4171 142
141.695 36.7157 152
141.695 37.0143 104
141.695 37.3128 107
141.695 37.6114 146
141.695 37.91 75
141.695 38.2086 216
141.695 38.5071 275
141.695 38.8057 204
141.695 39.1043 166
141.695 39.4029 217
141.695 39.7014 226
141.695 40 248
141.695 40.2986 157
141.695 40.5971 175
141.695 40.8957 78
141.695 41.1943 47
141.695 41.4929 36
141.695 41.7914 12
141.695 42.09 108
141.695 42.3886 165
141.695 42.6872 116
141.695 42.9857 146
141.695 43.2843 119
141.695 43.5829 150
141.695 43.8815 58
141.695 44.18 114
141.695 44.4786 134
141.695 44.7772 139
141.695 45.0758 79
141.695 45.3743 29
141.695 45.6729 16
141.695 45.9715 1
141.695 46.2701 0
141.695 46.5686 0
141.695 46.8672 0
141.695 47.1658 0
141.695 47.4643 0
141.695 47.7629 0
141.695 48.0615 0
141.695 48.3601 0
141.695 48.6586 0
141.695 48.9572 0
141.695 49.2558 0
141.695 49.5544 0
141.695 49.8529 0
142.008 30.1471 0
142.008 30.4456 0
142.008 30.7442 0
142.008 31.0428 0
142.008 31.3414 0
142.008 31.6399 0
142.008 31.9385 0
142.008 32.2371 0
142.008 32.5357 0
142.008 32.8342 0
142.008 33.1328 0
142.008 33.4314 0
142.008 33.7299 0
142.008 34.0285 22
142.008 34.3271 2
142.008 34.6257 58
142.008 34.9242 150
142.008 35.2228 70
142.008 35.5214 141
142.008 35.82 78
142.008 36.1185 143
142.008 36.4171 90
142.008 36.7157 102
142.008 37.0143 144
142.008 37.3128 121
142.008 37.6114 111
142.008 37.91 88
142.008 38.2086 62
142.008 38.5071 116
142.008 38.8057 165
142.008 39.1043 247
142.008 39.4029 193
142.008 39.7014 220
142.008 40 167
142.008 40.2986 172
142.008 40.5971 177
142.008 40.8957 64
142.008 41.1943 53
142.008 41.4929 14
142.008 41.7914 53
142.008 42.09 137
142.008 42.3886 233
142.008 42.6872 256
142.008 42.9857 263
142.008 43.2843 141
142.008 43.5829 225
142.008 43.8815 116
142.008 44.18 183
142.008 44.4786 222
142.008 44.7772 279
142.008 45.0758 155
142.008 45.3743 25
142.008 45.6729 8
142.008 45.9715 1
142.008 46.2701 0
142.008 46.5686 0
142.008 46.8672 0
142.008 47.1658 0
142.008 47.4643 0
142.008 47.7629 0
142.008 48.0615 0
142.008 48.3601 0
142.008 48.6586 0
142.008 48.9572 0
142.008 49.2558 0
142.008 49.5544 0
142.008 49.8529 0
142.322 30.1471 0
142.322 30.4456 0
142.322 30.7442 0
142.322 31.0428 0
142.322 31.3414 0
142.322 31.6399 0
142.322 31.9385 0
142.322 32.2371 0
142.322 32.5357 0
142.322 32.8342 0
142.322 33.1328 0
142.322 33.4314 0
142.322 33.7299 0
142.322 34.0285 0
142.322 34.3271 0
142.322 34.6257 2
142.322 34.9242 83
142.322 35.2228 114
142.322 35.5214 108
142.322 35.82 67
142.322 36.1185 78
142.322 36.4171 101
142.322 36.7157 101
142.322 37.0143 124
142.322 37.3128 119
142.322 37.6114 107
142.322 37.91 117
142.322 38.2086 134
142.322 38.5071 96
142.322 38.8057 54
142.322 39.1043 140
142.322 39.4029 117
142.322 39.7014 101
142.322 40 114
142.322 40.2986 103
142.322 40.5971 187
142.322 40.8957 138
142.322 41.1943 87
142.322 41.4929 20
142.322 41.7914 39
142.322 42.09 183
142.322 42.3886 157
142.322 42.6872 168
142.322 42.9857 168
142.322 43.2843 283
142.322 43.5829 322
142.322 43.8815 330
142.322 44.18 238
142.322 44.4786 282
142.322 44.7772 177
142.322 45.0758 158
142.322 45.3743 26
142.322 45.6729 26
142.322 45.9715 5
142.322 46.2701 0
142.322 46.5686 0
142.322 46.8672 0
142.322 47.1658 0
142.322 47.4643 0
142.322 47.7629 0
142.322 48.0615 0
142.322 48.3601 0
142.322 48.6586 0
142.322 48.9572 0
142.322 49.2558 0
142.322 49.5544 0
142.322 49.8529 0
142.635 30.1471 0
142.635 30.4456 0
142.635 30.7442 0
142.635 31.0428 0
142.635 31.3414 0
142.635 31.6399 0
142.635 31.9385 0
142.635 32.2371 0
142.635 32.5357 0
142.635 32.8342 0
142.635 33.1328 0
142.635 33.4314 0
142.635 33.7299 0
142.635 34.0285 0
142.635 34.3271 0
142.635 34.6257 0
142.635 34.9242 0
142.635 35.2228 6
142.635 35.5214 117
142.635 35.82 39
142.635 36.1185 74
142.635 36.4171 97
142.635 36.7157 96
142.635 37.0143 112
142.635 37.3128 133
142.635 37.6114 124
142.635 37.91 91
142.635 38.2086 126
142.635 38.5071 141
142.635 38.8057 84
142.635 39.1043 148
142.635 39.4029 135
142.635 39.7014 159
142.635 40 160
142.635 40.2986 94
142.635 40.5971 173
142.635 40.8957 67
142.635 41.1943 160
142.635 41.4929 39
142.635 41.7914 73
142.635 42.09 190
142.635 42.3886 240
142.635 42.6872 90
142.635 42.9857 295
142.635 43.2843 146
142.635 43.5829 173
142.635 43.8815 221
142.635 44.18 311
142.635 44.4786 239
142.635 44.7772 140
142.635 45.0758 45
142.635 45.3743 33
142.635 45.6729 20
142.635 45.9715 3
142.635 46.2701 0
142.635 46.5686 0
142.635 46.8672 0
142.635 47.1658 0
142.635 47.4643 0
142.635 47.7629 0
142.635 48.0615 0
142.635 48.3601 0
142.635 48.6586 0
142.635 48.9572 0
142.635 49.2558 0
142.635 49.5544 0
142.635 49.8529 0
142.949 30.1471 0
142.949 30.4456 0
142.949 30.7442 0
142.949 31.0428 0
142.949 31.3414 0
142.949 31.6399 0
142.949 31.9385 0
142.949 32.2371 0
142.949 32.5357 0
142.949 32.8342 0
142.949 33.1328 0
142.949 33.4314 0
142.949 33.7299 0
142.949 34.0285 0
142.949 34.3271 0
142.949 34.6257 0
142.949 34.9242 0
142.949 35.2228 0
142.949 35.5214 8
142.949 35.82 80
142.949 36.1185 55
142.949 36.4171 54
142.949 36.7157 103
142.949 37.0143 87
142.949 37.3128 118
142.949 37.6114 126
142.949 37.91 99
142.949 38.2086 147
142.949 38.5071 104
142.949 38.8057 106
142.949 39.1043 154
142.949 39.4029 134
142.949 39.7014 130
142.949 40 107
142.949 40.2986 108
142.949 40.5971 131
142.949 40.8957 116
142.949 41.1943 108
142.949 41.4929 56
142.949 41.7914 28
142.949 42.09 50
142.949 42.3886 109
142.949 42.6872 179
142.949 42.9857 146
142.949 43.2843 166
142.949 43.5829 121
142.949 43.8815 286
142.949 44.18 161
142.949 44.4786 104
142.949 44.7772 43
142.949 45.0758 32
142.949 45.3743 27
142.949 45.6729 8
142.949 45.9715 3
142.949 46.2701 0
142.949 46.5686 0
142.949 46.8672 0
142.949 47.1658 0
142.949 47.4643 0
142.949 47.7629 0
142.949 48.0615 0
142.949 48.3601 0
142.949 48.6586 0
142.949 48.9572 0
142.949 49.2558 0
142.949 49.5544 0
142.949 49.8529 0
143.262 30.1471 0
143.262 30.4456 0
143.262 30.7442 0
143.262 31.0428 0
143.262 31.3414 0
143.262 31.6399 0
143.262 31.9385 0
143.262 32.2371 0
143.262 32.5357 0
143.262 32.8342 0
143.262 33.1328 0
143.262 33.4314 0
143.262 33.7299 0
143.262 34.0285 0
143.262 34.3271 0
143.262 34.6257 0
143.262 34.9242 0
143.262 35.2228 0
143.262 35.5214 0
143.262 35.82 0
143.262 36.1185 1
143.262 36.4171 1
143.262 36.7157 120
143.262 37.0143 90
143.262 37.3128 82
143.262 37.6114 133
143.262 37.91 110
143.262 38.2086 143
143.262 38.5071 116
143.262 38.8057 126
143.262 39.1043 149
143.262 39.4029 133
143.262 39.7014 140
143.262 40 149
143.262 40.2986 98
143.262 40.5971 130
143.262 40.8957 138
143.262 41.1943 83
143.262 41.4929 42
143.262 41.7914 82
143.262 42.09 70
143.262 42.3886 123
143.262 42.6872 174
143.262 42.9857 178
143.262 43.2843 135
143.262 43.5829 177
143.262 43.8815 241
143.262 44.18 130
143.262 44.4786 31
143.262 44.7772 37
143.262 45.0758 23
143.262 45.3743 4
143.262 45.6729 6
143.262 45.9715 0
143.262 46.2701 0
143.262 46.5686 0
143.262 46.8672 0
143.262 47.1658 0
143.262 47.4643 0
143.262 47.7629 0
143.262 48.0615 0
143.262 48.3601 0
143.262 48.6586 0
143.262 48.9572 0
143.262 49.2558 0
143.262 49.5544 0
143.262 49.8529 0
143.576 30.1471 0
143.576 30.4456 0
143.576 30.7442 0
143.576 31.0428 0
143.576 31.3414 0
143.576 31.6399 0
143.576 31.9385 0
143.576 32.2371 0
143.576 32.5357 0
143.576 32.8342 0
143.576 33.1328 0
143.576 33.4314 0
143.576 33.7299 0
143.576 34.0285 0
143.576 34.3271 0
143.576 34.6257 0
143.576 34.9242 0
143.576 35.2228 0
143.576 35.5214 0
143.576 35.82 0
143.576 36.1185 0
143.576 36.4171 0
143.576 36.7157 0
143.576 37.0143 75
143.576 37.3128 35
143.576 37.6114 113
143.576 37.91 79
143.576 38.2086 98
143.576 38.5071 102
143.576 38.8057 98
143.576 39.1043 124
143.576 39.4029 148
143.576 39.7014 117
143.576 40 146
143.576 40.2986 102
143.576 40.5971 98
143.576 40.8957 141
143.576 41.1943 69
143.576 41.4929 28
143.576 41.7914 30
143.576 42.09 40
143.576 42.3886 64
143.576 42.6872 133
143.576 42.9857 174
143.576 43.2843 142
143.576 43.5829 132
143.576 43.8815 81
143.576 44.18 65
143.576 44.4786 29
143.576 44.7772 20
143.576 45.0758 8
143.576 45.3743 6
143.576 45.6729 0
143.576 45.9715 0
143.576 46.2701 0
143.576 46.5686 0
143.576 46.8672 0
143.576 47.1658 0
143.576 47.4643 0
143.576 47.7629 0
143.576 48.0615 0
143.576 48.3601 0
143.576 48.6586 0
143.576 48.9572 0
143.576 49.2558 0
143.576 49.5544 0
143.576 49.8529 0
143.889 30.1471 0
143.889 30.4456 0
143.889 30.7442 0
143.889 31.0428 0
143.889 31.3414 0
143.889 31.6399 0
143.889 31.9385 0
143.889 32.2371 0
143.889 32.5357 0
143.889 32.8342 0
143.889 33.1328 0
143.889 33.4314 0
143.889 33.7299 0
143.889 34.0285 0
143.889 34.3271 0
143.889 34.6257 0
143.889 34.9242 0
143.889 35.2228 0
143.889 35.5214 0
143.889 35.82 0
143.889 36.1185 0
143.889 36.4171 0
143.889 36.7157 0
143.889 37.0143 0
143.889 37.3128 24
143.889 37.6114 154
143.889 37.91 85
143.889 38.2086 85
143.889 38.5071 114
143.889 38.8057 79
143.889 39.1043 110
143.889 39.4029 76
143.889 39.7014 96
143.889 40 127
143.889 40.2986 70
143.889 40.5971 74
143.889 40.8957 83
143.889 41.1943 82
143.889 41.4929 48
143.889 41.7914 40
143.889 42.09 23
143.889 42.3886 84
143.889 42.6872 202
143.889 42.9857 166
143.889 43.2843 224
143.889 43.5829 120
143.889 43.8815 111
143.889 44.18 27
143.889 44.4786 9
143.889 44.7772 20
143.889 45.0758 0
143.889 45.3743 0
143.889 45.6729 0
143.889 45.9715 0
143.889 46.2701 0
143.889 46.5686 0
143.889 46.8672 0
143.889 47.1658 0
143.889 47.4643 0
143.889 47.7629 0
143.889 48.0615 0
143.889 48.3601 0
143.889 48.6586 0
143.889 48.9572 0
143.889 49.2558 0
143.889 49.5544 0
143.889 49.8529 0
144.203 30.1471 0
144.203 30.4456 0
144.203 30.7442 0
144.203 31.0428 0
144.203 31.3414 0
144.203 31.6399 0
144.203 31.9385 0
144.203 32.2371 0
144.203 32.5357 0
144.203 32.8342 0
144.203 33.1328 0
144.203 33.4314 0
144.203 33.7299 0
144.203 34.0285 0
144.203 34.3271 0
144.203 34.6257 0
144.203 34.9242 0
144.203 35.2228 0
144.203 35.5214 0
144.203 35.82 0
144.203 36.1185 0
144.203 36.4171 0
144.203 36.7157 0
144.203 37.0143 0
144.203 37.3128 0
144.203 37.6114 18
144.203 37.91 33
144.203 38.2086 6
144.203 38.5071 98
144.203 38.8057 73
144.203 39.1043 32
144.203 39.4029 130
144.203 39.7014 72
144.203 40 130
144.203 40.2986 84
144.203 40.5971 53
144.203 40.8957 79
144.203 41.1943 137
144.203 41.4929 85
144.203 41.7914 46
144.203 42.09 22
144.203 42.3886 48
144.203 42.6872 223
144.203 42.9857 239
144.203 43.2843 141
144.203 43.5829 144
144.203 43.8815 73
144.203 44.18 32
144.203 44.4786 13
144.203 44.7772 4
144.203 45.0758 0
144.203 45.3743 0
144.203 45.6729 0
144.203 45.9715 0
144.203 46.2701 0
144.203 46.5686 0
144.203 46.8672 0
144.203 47.1658 0
144.203 47.4643 0
144.203 47.7629 0
144.203 48.0615 0
144.203 48.3601 0
144.203 48.6586 0
144.203 48.9572 0
144.203 49.2558 0
144.203 49.5544 0
144.203 49.8529 0
144.516 30.1471 0
144.516 30.4456 0
144.516 30.7442 0
144.516 31.0428 0
144.516 31.3414 0
144.516 31.6399 0
144.516 31.9385 0
144.516 32.2371 0
144.516 32.5357 0
144.516 32.8342 0
144.516 33.1328 0
144.516 33.4314 0
144.516 33.7299 0
144.516 34.0285 0
144.516 34.3271 0
144.516 34.6257 0
144.516 34.9242 0
144.516 35.2228 0
144.516 35.5214 0
144.516 35.82 0
144.516 36.1185 0
144.516 36.4171 0
144.516 36.7157 0
144.516 37.0143 0
144.516 37.3128 0
144.516 37.6114 0
144.516 37.91 1
144.516 38.2086 1
144.516 38.5071 3
144.516 38.8057 4
144.516 39.1043 4
144.516 39.4029 11
144.516 39.7014 4
144.516 40 24
144.516 40.2986 66
144.516 40.5971 33
144.516 40.8957 32
144.516 41.1943 100
144.516 41.4929 151
144.516 41.7914 69
144.516 42.09 26
144.516 42.3886 20
144.516 42.6872 223
144.516 42.9857 201
144.516 43.2843 231
144.516 43.5829 203
144.516 43.8815 61
144.516 44.18 32
144.516 44.4786 15
144.516 44.7772 0
144.516 45.0758 0
144.516 45.3743 0
144.516 45.6729 0
144.516 45.9715 0
144.516 46.2701 0
144.516 46.5686 0
144.516 46.8672 0
144.516 47.1658 0
144.516 47.4643 0
144.516 47.7629 0
144.516 48.0615 0
144.516 48.3601 0
144.516 48.6586 0
144.516 48.9572 0
144.516 49.2558 0
144.516 49.5544 0
144.516 49.8529 0
144.83 30.1471 0
144.83 30.4456 0
144.83 30.7442 0
144.83 31.0428 0
144.83 31.3414 0
144.83 31.6399 0
144.83 31.9385 0
144.83 32.2371 0
144.83 32.5357 0
144.83 32.8342 0
144.83 33.1328 0
144.83 33.4314 0
144.83 33.7299 0
144.83 34.0285 0
144.83 34.3271 0
144.83 34.6257 0
144.83 34.9242 0
144.83 35.2228 0
144.83 35.5214 0
144.83 35.82 0
144.83 36.1185 0
144.83 36.4171 0
144.83 36.7157 0
144.83 37.0143 0
144.83 37.3128 0
144.83 37.6114 0
144.83 37.91 0
144.83 38.2086 0
144.83 38.5071 0
144.83 38.8057 0
144.83 39.1043 0
144.83 39.4029 0
144.83 39.7014 0
144.83 40 0
144.83 40.2986 2
144.83 40.5971 1
144.83 40.8957 32
144.83 41.1943 98
144.83 41.4929 141
144.83 41.7914 133
144.83 42.09 63
144.83 42.3886 37
144.83 42.6872 123
144.83 42.9857 252
144.83 43.2843 90
144.83 43.5829 126
144.83 43.8815 21
144.83 44.18 19
144.83 44.4786 11
144.83 44.7772 0
144.83 45.0758 0
144.83 45.3743 0
144.83 45.6729 0
144.83 45.9715 0
144.83 46.2701 0
144.83 46.5686 0
144.83 46.8672 0
144.83 47.1658 0
144.83 47.4643 0
144.83 47.7629 0
144.83 48.0615 0
144.83 48.3601 0
144.83 48.6586 0
144.83 48.9572 0
144.83 49.2558 0
144.83 49.5544 0
144.83 49.8529 0
145.143 30.1471 0
145.143 30.4456 0
145.143 30.7442 0
145.143 31.0428 0
145.143 31.3414 0
145.143 31.6399 0
145.143 31.9385 0
145.143 32.2371 0
145.143 32.5357 0
145.143 32.8342 0
145.143 33.1328 0
145.143 33.4314 0
145.143 33.7299 0
145.143 34.0285 0
145.143 34.3271 0
145.143 34.6257 0
145.143 34.9242 0
145.143 35.2228 0
145.143 35.5214 0
145.143 35.82 0
145.143 36.1185 0
145.143 36.4171 0
145.143 36.7157 0
145.143 37.0143 0
145.143 37.3128 0
145.143 37.6114 0
145.143 37.91 0
145.143 38.2086 0
145.143 38.5071 0
145.143 38.8057 0
145.143 39.1043 0
145.143 39.4029 0
145.143 39.7014 0
145.143 40 0
145.143 40.2986 0
145.143 40.5971 0
145.143 40.8957 45
145.143 41.1943 110
145.143 41.4929 76
145.143 41.7914 82
145.143 42.09 70
145.143 42.3886 41
145.143 42.6872 42
145.143 42.9857 199
145.143 43.2843 200
145.143 43.5829 171
145.143 43.8815 36
145.143 44.18 18
145.143 44.4786 4
145.143 44.7772 0
145.143 45.0758 0
145.143 45.3743 0
145.143 45.6729 0
145.143 45.9715 0
145.143 46.2701 0
145.143 46.5686 0
145.143 46.8672 0
145.143 47.1658 0
145.143 47.4643 0
145.143 47.7629 0
145.143 48.0615 0
145.143 48.3601 0
145.143 48.6586 0
145.143 48.9572 0
145.143 49.2558 0
145.143 49.5544 0
145.143 49.8529 0
145.457 30.1471 0
145.457 30.4456 0
145.457 30.7442 0
145.457 31.0428 0
145.457 31.3414 0
145.457 31.6399 0
145.457 31.9385 0
145.457 32.2371 0
145.457 32.5357 0
145.457 32.8342 0
145.457 33.1328 0
145.457 33.4314 0
145.457 33.7299 0
145.457 34.0285 0
145.457 34.3271 0
145.457 34.6257 0
145.457 34.9242 0
145.457 35.2228 0
145.457 35.5214 0
145.457 35.82 0
145.457 36.1185 0
145.457 36.4171 0
145.457 36.7157 0
145.457 37.0143 0
145.457 37.3128 0
145.457 37.6114 0
145.457 37.91 0
145.457 38.2086 0
145.457 38.5071 0
145.457 38.8057 0
145.457 39.1043 0
145.457 39.4029 0
145.457 39.7014 0
145.457 40 0
145.457 40.2986 0
145.457 40.5971 0
145.457 40.8957 25
145.457 41.1943 94
145.457 41.4929 53
145.457 41.7914 102
145.457 42.09 122
145.457 42.3886 41
145.457 42.6872 40
145.457 42.9857 110
145.457 43.2843 20
145.457 43.5829 36
145.457 43.8815 46
145.457 44.18 32
145.457 44.4786 11
145.457 44.7772 0
145.457 45.0758 0
145.457 45.3743 0
145.457 45.6729 0
145.457 45.9715 0
145.457 46.2701 0
145.457 46.5686 0
145.457 46.8672 0
145.457 47.1658 0
145.457 47.4643 0
145.457 47.7629 0
145.457 48.0615 0
145.457 48.3601 0
145.457 48.6586 0
145.457 48.9572 0
145.457 49.2558 0
145.457 49.5544 0
145.457 49.8529 0
145.77 30.1471 0
145.77 30.4456 0
145.77 30.7442 0
145.77 31.0428 0
145.77 31.3414 0
145.77 31.6399 0
145.77 31.9385 0
145.77 32.2371 0
145.77 32.5357 0
145.77 32.8342 0
145.77 33.1328 0
145.77 33.4314 0
145.77 33.7299 0
145.77 34.0285 0
145.77 34.3271 0
145.77 34.6257 0
145.77 34.9242 0
145.77 35.2228 0
145.77 35.5214 0
145.77 35.82 0
145.77 36.1185 0
145.77 36.4171 0
145.77 36.7157 0
145.77 37.0143 0
145.77 37.3128 0
145.77 37.6114 0
145.77 37.91 0
145.77 38.2086 0
145.77 38.5071 0
145.77 38.8057 0
145.77 39.1043 0
145.77 39.4029 0
145.77 39.7014 0
145.77 40 0
145.77 40.2986 0
145.77 40.5971 0
145.77 40.8957 0
145.77 41.1943 89
145.77 41.4929 95
145.77 41.7914 60
145.77 42.09 55
145.77 42.3886 68
145.77 42.6872 14
145.77 42.9857 6
145.77 43.2843 6
145.77 43.5829 19
145.77 43.8815 11
145.77 44.18 4
145.77 44.4786 1
145.77 44.7772 0
145.77 45.0758 0
145.77 45.3743 0
145.77 45.6729 0
145.77 45.9715 0
145.77 46.2701 0
145.77 46.5686 0
145.77 46.8672 0
145.77 47.1658 0
145.77 47.4643 0
145.77 47.7629 0
145.77 48.0615 0
145.77 48.3601 0
145.77 48.6586 0
145.77 48.9572 0
145.77 49.2558 0
145.77 49.5544 0
145.77 49.8529 0
146.084 30.1471 0
146.084 30.4456 0
146.084 30.7442 0
146.084 31.0428 0
146.084 31.3414 0
146.084 31.6399 0
146.084 31.9385 0
146.084 32.2371 0
146.084 32.5357 0
146.084 32.8342 0
146.084 33.1328 0
146.084 33.4314 0
146.084 33.7299 0
146.084 34.0285 0
146.084 34.3271 0
146.084 34.6257 0
146.084 34.9242 0
146.084 35.2228 0
146.084 35.5214 0
146.084 35.82 0
146.084 36.1185 0
146.084 36.4171 0
146.084 36.7157 0
146.084 37.0143 0
146.084 37.3128 0
146.084 37.6114 0
146.084 37.91 0
146.084 38.2086 0
146.084 38.5071 0
146.084 38.8057 0
146.084 39.1043 0
146.084 39.4029 0
146.084 39.7014 0
146.084 40 0
146.084 40.2986 0
146.084 40.5971 0
146.084 40.8957 0
146.084 41.1943 0
146.084 41.4929 25
146.084 41.7914 3
146.084 42.09 19
146.084 42.3886 75
146.084 42.6872 4
146.084 42.9857 13
146.084 43.2843 4
146.084 43.5829 3
146.084 43.8815 3
146.084 44.18 3
146.084 44.4786 3
146.084 44.7772 0
146.084 45.0758 0
146.084 45.3743 0
146.084 45.6729 0
146.084 45.9715 0
146.084 46.2701 0
146.084 46.5686 0
146.084 46.8672 0
146.084 47.1658 0
146.084 47.4643 0
146.084 47.7629 0
146.084 48.0615 0
146.084 48.3601 0
146.084 48.6586 0
146.084 48.9572 0
146.084 49.2558 0
146.084 49.5544 0
146.084 49.8529 0
146.397 30.1471 0
146.397 30.4456 0
146.397 30.7442 0
146.397 31.0428 0
146.397 31.3414 0
146.397 31.6399 0
146.397 31.9385 0
146.397 32.2371 0
146.397 32.5357 0
146.397 32.8342 0
146.397 33.1328 0
146.397 33.4314 0
146.397 33.7299 0
146.397 34.0285 0
146.397 34.3271 0
146.397 34.6257 0
146.397 34.9242 0
146.397 35.2228 0
146.397 35.5214 0
146.397 35.82 0
146.397 36.1185 0
146.397 36.4171 0
146.397 36.7157 0
146.397 37.0143 0
146.397 37.3128 0
146.397 37.6114 0
146.397 37.91 0
146.397 38.2086 0
146.397 38.5071 0
146.397 38.8057 0
146.397 39.1043 0
146.397 39.4029 0
146.397 39.7014 0
146.397 40 0
146.397 40.2986 0
146.397 40.5971 0
146.397 40.8957 0
146.397 41.1943 0
146.397 41.4929 0
146.397 41.7914 1
146.397 42.09 3
146.397 42.3886 4
146.397 42.6872 1
146.397 42.9857 6
146.397 43.2843 2
146.397 43.5829 0
146.397 43.8815 0
146.397 44.18 0
146.397 44.4786 0
146.397 44.7772 0
146.397 45.0758 0
146.397 45.3743 0
146.397 45.6729 0
146.397 45.9715 0
146.397 46.2701 0
146.397 46.5686 0
146.397 46.8672 0
146.397 47.1658 0
146.397 47.4643 0
146.397 47.7629 0
146.397 48.0615 0
146.397 48.3601 0
146.397 48.6586 0
146.397 48.9572 0
146.397 49.2558 0
146.397 49.5544 0
146.397 49.8529 0
146.711 30.1471 0
146.711 30.4456 0
146.711 30.7442 0
146.711 31.0428 0
146.711 31.3414 0
146.711 31.6399 0
146.711 31.9385 0
146.711 32.2371 0
146.711 32.5357 0
146.711 32.8342 0
146.711 33.1328 0
146.711 33.4314 0
146.711 33.7299 0
146.711 34.0285 0
146.711 34.3271 0
146.711 34.6257 0
146.711 34.9242 0
146.711 35.2228 0
146.711 35.5214 0
146.711 35.82 0
146.711 36.1185 0
146.711 36.4171 0
146.711 36.7157 0
146.711 37.0143 0
146.711 37.3128 0
146.711 37.6114 0
146.711 37.91 0
146.711 38.2086 0
146.711 38.5071 0
146.711 38.8057 0
146.711 39.1043 0
146.711 39.4029 0
146.711 39.7014 0
146.711 40 0
146.711 40.2986 0
146.711 40.5971 0
146.711 40.8957 0
146.711 41.1943 0
146.711 41.4929 0
146.711 41.7914 0
146.711 42.09 0
146.711 42.3886 2
146.711 42.6872 0
146.711 42.9857 0
146.711 43.2843 3
146.711 43.5829 0
146.711 43.8815 0
146.711 44.18 0
146.711 44.4786 0
146.711 44.7772 0
146.711 45.0758 0
146.711 45.3743 0
146.711 45.6729 0
146.711 45.9715 0
146.711 46.2701 0
146.711 46.5686 0
146.711 46.8672 0
146.711 47.1658 0
146.711 47.4643 0
146.711 47.7629 0
146.711 48.0615 0
146.711 48.3601 0
146.711 48.6586 0
146.711 48.9572 0
146.711 49.2558 0
146.711 49.5544 0
146.711 49.8529 0
147.024 30.1471 0
147.024 30.4456 0
147.024 30.7442 0
147.024 31.0428 0
147.024 31.3414 0
147.024 31.6399 0
147.024 31.9385 0
147.024 32.2371 0
147.024 32.5357 0
147.024 32.8342 0
147.024 33.1328 0
147.024 33.4314 0
147.024 33.7299 0
147.024 34.0285 0
147.024 34.3271 0
147.024 34.6257 0
147.024 34.9242 0
147.024 35.2228 0
147.024 35.5214 0
147.024 35.82 0
147.024 36.1185 0
147.024 36.4171 0
147.024 36.7157 0
147.024 37.0143 0
147.024 37.3128 0
147.024 37.6114 0
147.024 37.91 0
147.024 38.2086 0
147.024 38.5071 0
147.024 38.8057 0
147.024 39.1043 0
147.024 39.4029 0
147.024 39.7014 0
147.024 40 0
147.024 40.2986 0
147.024 40.5971 0
147.024 40.8957 0
147.024 41.1943 0
147.024 41.4929 0
147.024 41.7914 0
147.024 42.09 0
147.024 42.3886 0
147.024 42.6872 0
147.024 42.9857 0
147.024 43.2843 0
147.024 43.5829 0
147.024 43.8815 0
147.024 44.18 0
147.024 44.4786 0
147.024 44.7772 0
147.024 45.0758 0
147.024 45.3743 0
147.024 45.6729 0
147.024 45.9715 0
147.024 46.2701 0
147.024 46.5686 0
147.024 46.8672 0
147.024 47.1658 0
147.024 47.4643 0
147.024 47.7629 0
147.024 48.0615 0
147.024 48.3601 0
147.024 48.6586 0
147.024 48.9572 0
147.024 49.2558 0
147.024 49.5544 0
147.024 49.8529 0
147.338 30.1471 0
147.338 30.4456 0
147.338 30.7442 0
147.338 31.0428 0
147.338 31.3414 0
147.338 31.6399 0
147.338 31.9385 0
147.338 32.2371 0
147.338 32.5357 0
147.338 32.8342 0
147.338 33.1328 0
147.338 33.4314 0
147.338 33.7299 0
147.338 34.0285 0
147.338 34.3271 0
147.338 34.6257 0
147.338 34.9242 0
147.338 35.2228 0
147.338 35.5214 0
147.338 35.82 0
147.338 36.1185 0
147.338 36.4171 0
147.338 36.7157 0
147.338 37.0143 0
147.338 37.3128 0
147.338 37.6114 0
147.338 37.91 0
147.338 38.2086 0
147.338 38.5071 0
147.338 38.8057 0
147.338 39.1043 0
147.338 39.4029 0
147.338 39.7014 0
147.338 40 0
147.338 40.2986 0
147.338 40.5971 0
147.338 40.8957 0
147.338 41.1943 0
147.338 41.4929 0
147.338 41.7914 0
147.338 42.09 0
147.338 42.3886 0
147.338 42.6872 0
147.338 42.9857 0
147.338 43.2843 0
147.338 43.5829 0
147.338 43.8815 0
147.338 44.18 0
147.338 44.4786 0
147.338 44.7772 0
147.338 45.0758 0
147.338 45.3743 0
147.338 45.6729 0
147.338 45.9715 0
147.338 46.2701 0
147.338 46.5686 0
147.338 46.8672 0
147.338 47.1658 0
147.338 47.4643 0
147.338 47.7629 0
147.338 48.0615 0
147.338 48.3601 0
147.338 48.6586 0
147.338 48.9572 0
147.338 49.2558 0
147.338 49.5544 0
147.338 49.8529 0
147.651 30.1471 0
147.651 30.4456 0
147.651 30.7442 0
147.651 31.0428 0
147.651 31.3414 0
147.651 31.6399 0
147.651 31.9385 0
147.651 32.2371 0
147.651 32.5357 0
147.651 32.8342 0
147.651 33.1328 0
147.651 33.4314 0
147.651 33.7299 0
147.651 34.0285 0
147.651 34.3271 0
147.651 34.6257 0
147.651 34.9242 0
147.651 35.2228 0
147.651 35.5214 0
147.651 35.82 0
147.651 36.1185 0
147.651 36.4171 0
147.651 36.7157 0
147.651 37.0143 0
147.651 37.3128 0
147.651 37.6114 0
147.651 37.91 0
147.651 38.2086 0
147.651 38.5071 0
147.651 38.8057 0
147.651 39.1043 0
147.651 39.4029 0
147.651 39.7014 0
147.651 40 0
147.651 40.2986 0
147.651 40.5971 0
147.651 40.8957 0
147.651 41.1943 0
147.651 41.4929 0
147.651 41.7914 0
147.651 42.09 0
147.651 42.3886 0
147.651 42.6872 0
147.651 42.9857 0
147.651 43.2843 0
147.651 43.5829 0
147.651 43.8815 0
147.651 44.18 0
147.651 44.4786 0
147.651 44.7772 0
147.651 45.0758 0
147.651 45.3743 0
147.651 45.6729 0
147.651 45.9715 0
147.651 46.2701 0
147.651 46.5686 0
147.651 46.8672 0
147.651 47.1658 0
147.651 47.4643 0
147.651 47.7629 0
147.651 48.0615 0
147.651 48.3601 0
147.651 48.6586 0
147.651 48.9572 0
147.651 49.2558 0
147.651 49.5544 0
147.651 49.8529 0
147.965 30.1471 0
147.965 30.4456 0
147.965 30.7442 0
147.965 31.0428 0
147.965 31.3414 0
147.965 31.6399 0
147.965 31.9385 0
147.965 32.2371 0
147.965 32.5357 0
147.965 32.8342 0
147.965 33.1328 0
147.965 33.4314 0
147.965 33.7299 0
147.965 34.0285 0
147.965 34.3271 0
147.965 34.6257 0
147.965 34.9242 0
147.965 35.2228 0
147.965 35.5214 0
147.965 35.82 0
147.965 36.1185 0
147.965 36.4171 0
147.965 36.7157 0
147.965 37.0143 0
147.965 37.3128 0
147.965 37.6114 0
147.965 37.91 0
147.965 38.2086 0
147.965 38.5071 0
147.965 38.8057 0
147.965 39.1043 0
147.965 39.4029 0
147.965 39.7014 0
147.965 40 0
147.965 40.2986 0
147.965 40.5971 0
147.965 40.8957 0
147.965 41.1943 0
147.965 41.4929 0
147.965 41.7914 0
147.965 42.09 0
147.965 42.3886 0
147.965 42.6872 0
147.965 42.9857 0
147.965 43.2843 0
147.965 43.5829 0
147.965 43.8815 0
147.965 44.18 0
147.965 44.4786 0
147.965 44.7772 0
147.965 45.0758 0
147.965 45.3743 0
147.965 45.6729 0
147.965 45.9715 0
147.965 46.2701 0
147.965 46.5686 0
147.965 46.8672 0
147.965 47.1658 0
147.965 47.4643 0
147.965 47.7629 0
147.965 48.0615 0
147.965 48.3601 0
147.965 48.6586 0
147.965 48.9572 0
147.965 49.2558 0
147.965 49.5544 0
147.965 49.8529 0
148.278 30.1471 0
148.278 30.4456 0
148.278 30.7442 0
148.278 31.0428 0
148.278 31.3414 0
148.278 31.6399 0
148.278 31.9385 0
148.278 32.2371 0
148.278 32.5357 0
148.278 32.8342 0
148.278 33.1328 0
148.278 33.4314 0
148.278 33.7299 0
148.278 34.0285 0
148.278 34.3271 0
148.278 34.6257 0
148.278 34.9242 0
148.278 35.2228 0
148.278 35.5214 0
148.278 35.82 0
148.278 36.1185 0
148.278 36.4171 0
148.278 36.7157 0
148.278 37.0143 0
148.278 37.3128 0
148.278 37.6114 0
148.278 37.91 0
148.278 38.2086 0
148.278 38.5071 0
148.278 38.8057 0
148.278 39.1043 0
148.278 39.4029 0
148.278 39.7014 0
148.278 40 0
148.278 40.2986 0
148.278 40.5971 0
148.278 40.8957 0
148.278 41.1943 0
148.278 41.4929 0
148.278 41.7914 0
148.278 42.09 0
148.278 42.3886 0
148.278 42.6872 0
148.278 42.9857 0
148.278 43.2843 0
148.278 43.5829 0
148.278 43.8815 0
148.278 44.18 0
148.278 44.4786 0
148.278 44.7772 0
148.278 45.0758 0
148.278 45.3743 0
148.278 45.6729 0
148.278 45.9715 0
148.278 46.2701 0
148.278 46.5686 0
148.278 46.8672 0
148.278 47.1658 0
148.278 47.4643 0
148.278 47.7629 0
148.278 48.0615 0
148.278 48.3601 0
148.278 48.6586 0
148.278 48.9572 0
148.278 49.2558 0
148.278 49.5544 0
148.278 49.8529 0
148.592 30.1471 0
148.592 30.4456 0
148.592 30.7442 0
148.592 31.0428 0
148.592 31.3414 0
148.592 31.6399 0
148.592 31.9385 0
148.592 32.2371 0
148.592 32.5357 0
148.592 32.8342 0
148.592 33.1328 0
148.592 33.4314 0
148.592 33.7299 0
148.592 34.0285 0
148.592 34.3271 0
148.592 34.6257 0
148.592 34.9242 0
148.592 35.2228 0
148.592 35.5214 0
148.592 35.82 0
148.592 36.1185 0
148.592 36.4171 0
148.592 36.7157 0
148.592 37.0143 0
148.592 37.3128 0
148.592 37.6114 0
148.592 37.91 0
148.592 38.2086 0
148.592 38.5071 0
148.592 38.8057 0
148.592 39.1043 0
148.592 39.4029 0
148.592 39.7014 0
148.592 40 0
148.592 40.2986 0
148.592 40.5971 0
148.592 40.8957 0
148.592 41.1943 0
148.592 41.4929 0
148.592 41.7914 0
148.592 42.09 0
148.592 42.3886 0
148.592 42.6872 0
148.592 42.9857 0
148.592 43.2843 0
148.592 43.5829 0
148.592 43.8815 0
148.592 44.18 0
148.592 44.4786 0
148.592 44.7772 0
148.592 45.0758 0
148.592 45.3743 0
148.592 45.6729 0
148.592 45.9715 0
148.592 46.2701 0
148.592 46.5686 0
148.592 46.8672 0
148.592 47.1658 0
148.592 47.4643 0
148.592 47.7629 0
148.592 48.0615 0
148.592 48.3601 0
148.592 48.6586 0
148.592 48.9572 0
148.592 49.2558 0
148.592 49.5544 0
148.592 49.8529 0
148.905 30.1471 0
148.905 30.4456 0
148.905 30.7442 0
148.905 31.0428 0
148.905 31.3414 0
148.905 31.6399 0
148.905 31.9385 0
148.905 32.2371 0
148.905 32.5357 0
148.905 32.8342 0
148.905 33.1328 0
148.905 33.4314 0
148.905 33.7299 0
148.905 34.0285 0
148.905 34.3271 0
148.905 34.6257 0
148.905 34.9242 0
148.905 35.2228 0
148.905 35.5214 0
148.905 35.82 0
148.905 36.1185 0
148.905 36.4171 0
148.905 36.7157 0
148.905 37.0143 0
148.905 37.3128 0
148.905 37.6114 0
148.905 37.91 0
148.905 38.2086 0
148.905 38.5071 0
148.905 38.8057 0
148.905 39.1043 0
148.905 39.4029 0
148.905 39.7014 0
148.905 40 0
148.905 40.2986 0
148.905 40.5971 0
148.905 40.8957 0
148.905 41.1943 0
148.905 41.4929 0
148.905 41.7914 0
148.905 42.09 0
148.905 42.3886 0
148.905 42.6872 0
148.905 42.9857 0
148.905 43.2843 0
148.905 43.5829 0
148.905 43.8815 0
148.905 44.18 0
148.905 44.4786 0
148.905 44.7772 0
148.905 45.0758 0
148.905 45.3743 0
148.905 45.6729 0
148.905 45.9715 0
148.905 46.2701 0
148.905 46.5686 0
148.905 46.8672 0
148.905 47.1658 0
148.905 47.4643 0
148.905 47.7629 0
148.905 48.0615 0
148.905 48.3601 0
148.905 48.6586 0
148.905 48.9572 0
148.905 49.2558 0
148.905 49.5544 0
148.905 49.8529 0
149.219 30.1471 0
149.219 30.4456 0
149.219 30.7442 0
149.219 31.0428 0
149.219 31.3414 0
149.219 31.6399 0
149.219 31.9385 0
149.219 32.2371 0
149.219 32.5357 0
149.219 32.8342 0
149.219 33.1328 0
149.219 33.4314 0
149.219 33.7299 0
149.219 34.0285 0
149.219 34.3271 0
149.219 34.6257 0
149.219 34.9242 0
149.219 35.2228 0
149.219 35.5214 0
149.219 35.82 0
149.219 36.1185 0
149.219 36.4171 0
149.219 36.7157 0
149.219 37.0143 0
149.219 37.3128 0
149.219 37.6114 0
149.219 37.91 0
149.219 38.2086 0
149.219 38.5071 0
149.219 38.8057 0
149.219 39.1043 0
149.219 39.4029 0
149.219 39.7014 0
149.219 40 0
149.219 40.2986 0
149.219 40.5971 0
149.219 40.8957 0
149.219 41.1943 0
149.219 41.4929 0
149.219 41.7914 0
149.219 42.09 0
149.219 42.3886 0
149.219 42.6872 0
149.219 42.9857 0
149.219 43.2843 0
149.219 43.5829 0
149.219 43.8815 0
149.219 44.18 0
149.219 44.4786 0
149.219 44.7772 0
149.219 45.0758 0
149.219 45.3743 0
149.219 45.6729 0
149.219 45.9715 0
149.219 46.2701 0
149.219 46.5686 0
149.219 46.8672 0
149.219 47.1658 0
149.219 47.4643 0
149.219 47.7629 0
149.219 48.0615 0
149.219 48.3601 0
149.219 48.6586 0
149.219 48.9572 0
149.219 49.2558 0
149.219 49.5544 0
149.219 49.8529 0
149.532 30.1471 0
149.532 30.4456 0
149.532 30.7442 0
149.532 31.0428 0
149.532 31.3414 0
149.532 31.6399 0
149.532 31.9385 0
149.532 32.2371 0
149.532 32.5357 0
149.532 32.8342 0
149.532 33.1328 0
149.532 33.4314 0
149.532 33.7299 0
149.532 34.0285 0
149.532 34.3271 0
149.532 34.6257 0
149.532 34.9242 0
149.532 35.2228 0
149.532 35.5214 0
149.532 35.82 0
149.532 36.1185 0
149.532 36.4171 0
149.532 36.7157 0
149.532 37.0143 0
149.532 37.3128 0
149.532 37.6114 0
149.532 37.91 0
149.532 38.2086 0
149.532 38.5071 0
149.532 38.8057 0
149.532 39.1043 0
149.532 39.4029 0
149.532 39.7014 0
149.532 40 0
149.532 40.2986 0
149.532 40.5971 0
149.532 40.8957 0
149.532 41.1943 0
149.532 41.4929 0
149.532 41.7914 0
149.532 42.09 0
149.532 42.3886 0
149.532 42.6872 0
149.532 42.9857 0
149.532 43.2843 0
149.532 43.5829 0
149.532 43.8815 0
149.532 44.18 0
149.532 44.4786 0
149.532 44.7772 0
149.532 45.0758 0
149.532 45.3743 0
149.532 45.6729 0
149.532 45.9715 0
149.532 46.2701 0
149.532 46.5686 0
149.532 46.8672 0
149.532 47.1658 0
149.532 47.4643 0
149.532 47.7629 0
149.532 48.0615 0
149.532 48.3601 0
149.532 48.6586 0
149.532 48.9572 0
149.532 49.2558 0
149.532 49.5544 0
149.532 49.8529 0
149.846 30.1471 0
149.846 30.4456 0
149.846 30.7442 0
149.846 31.0428 0
149.846 31.3414 0
149.846 31.6399 0
149.846 31.9385 0
149.846 32.2371 0
149.846 32.5357 0
149.846 32.8342 0
149.846 33.1328 0
149.846 33.4314 0
149.846 33.7299 0
149.846 34.0285 0
149.846 34.3271 0
149.846 34.6257 0
149.846 34.9242 0
149.846 35.2228 0
149.846 35.5214 0
149.846 35.82 0
149.846 36.1185 0
149.846 36.4171 0
149.846 36.7157 0
149.846 37.0143 0
149.846 37.3128 0
149.846 37.6114 0
149.846 37.91 0
149.846 38.2086 0
149.846 38.5071 0
149.846 38.8057 0
149.846 39.1043 0
149.846 39.4029 0
149.846 39.7014 0
149.846 40 0
149.846 40.2986 0
149.846 40.5971 0
149.846 40.8957 0
149.846 41.1943 0
149.846 41.4929 0
149.846 41.7914 0
149.846 42.09 0
149.846 42.3886 0
149.846 42.6872 0
149.846 42.9857 0
149.846 43.2843 0
149.846 43.5829 0
149.846 43.8815 0
149.846 44.18 0
149.846 44.4786 0
149.846 44.7772 0
149.846 45.0758 0
149.846 45.3743 0
149.846 45.6729 0
149.846 45.9715 0
149.846 46.2701 0
149.846 46.5686 0
149.846 46.8672 0
149.846 47.1658 0
149.846 47.4643 0
149.846 47.7629 0
149.846 48.0615 0
149.846 48.3601 0
149.846 48.6586 0
149.846 48.9572 0
149.846 49.2558 0
149.846 49.5544 0
149.846 49.8529 0
